1000.000000 0 43859 41785 40630 
5000.000000 0 43861 41984 40774 
9000.000000 0 43862 42164 40924 
13000.000000 0 43860 42322 41077 
17000.000000 144 43859 42470 41229 
21000.000000 305 43859 42604 41378 
25000.000000 470 43859 42722 41522 
29000.000000 649 43861 42830 41665 
33000.000000 833 43860 42928 41803 
37000.000000 1027 43861 43018 41935 
41000.000000 1229 43861 43096 42062 
45000.000000 1446 43862 43168 42185 
49000.000000 1669 43861 43235 42300 
53000.000000 1904 43864 43293 42408 
57000.000000 2151 43863 43345 42513 
61000.000000 2409 43860 43393 42611 
65000.000000 2678 43860 43437 42704 
69000.000000 2959 43860 43478 42792 
73000.000000 3251 43859 43514 42874 
77000.000000 3559 43860 43545 42948 
81000.000000 3873 43861 43573 43021 
85000.000000 4200 43861 43601 43088 
89000.000000 4541 43861 43626 43151 
93000.000000 4891 43861 43646 43209 
97000.000000 5258 43862 43664 43263 
101000.000000 5631 43860 43683 43315 
105000.000000 6017 43863 43700 43360 
109000.000000 6417 43862 43712 43405 
113000.000000 6827 43863 43727 43444 
117000.000000 7247 43862 43740 43481 
121000.000000 7678 43862 43747 43517 
125000.000000 8124 43863 43759 43548 
129000.000000 8577 43862 43767 43577 
133000.000000 9043 43861 43775 43604 
137000.000000 9515 43864 43780 43631 
141000.000000 9999 43862 43787 43652 
145000.000000 10497 43864 43794 43675 
149000.000000 11002 43863 43799 43692 
153000.000000 11521 43862 43805 43712 
157000.000000 12044 43863 43809 43728 
161000.000000 12581 43861 43815 43744 
165000.000000 13121 43862 43818 43757 
169000.000000 13671 43863 43821 43772 
173000.000000 14232 43862 43825 43782 
177000.000000 14796 43864 43828 43795 
181000.000000 15370 43864 43828 43805 
185000.000000 15952 43864 43831 43814 
189000.000000 16546 43864 43833 43822 
193000.000000 17137 43864 43836 43833 
197000.000000 17741 43866 43837 43839 
201000.000000 18348 43867 43838 43844 
205000.000000 18965 43864 43840 43850 
209000.000000 19584 43864 43842 43857 
213000.000000 20209 43863 43844 43862 
217000.000000 20842 43865 43845 43867 
221000.000000 21471 43871 43847 43870 
225000.000000 22114 43868 43847 43875 
229000.000000 22754 43864 43847 43880 
233000.000000 23406 43870 43850 43883 
237000.000000 24059 43868 43852 43886 
241000.000000 24708 43869 43853 43890 
245000.000000 25367 43870 43852 43894 
249000.000000 26033 43866 43853 43894 
253000.000000 26695 43869 43854 43899 
257000.000000 27357 43869 43855 43901 
261000.000000 28031 43871 43857 43903 
265000.000000 28704 43873 43859 43905 
269000.000000 29370 43872 43857 43906 
273000.000000 30041 43873 43860 43907 
277000.000000 30718 43873 43860 43909 
281000.000000 31391 43875 43861 43911 
285000.000000 32064 43876 43861 43912 
289000.000000 32741 43876 43861 43913 
293000.000000 33423 43878 43862 43915 
297000.000000 34099 43880 43863 43917 
301000.000000 34768 43881 43865 43918 
305000.000000 35454 43887 43865 43920 
309000.000000 36122 43885 43866 43920 
313000.000000 36799 43886 43869 43923 
317000.000000 37475 43891 43869 43923 
321000.000000 38140 43895 43871 43924 
325000.000000 38810 43901 43874 43926 
329000.000000 39477 43909 43876 43929 
333000.000000 40140 43921 43878 43928 
337000.000000 40799 43937 43884 43930 
341000.000000 41456 43957 43887 43933 
345000.000000 42118 43982 43896 43937 
349000.000000 42772 44019 43906 43941 
353000.000000 43417 44060 43916 43944 
357000.000000 44057 44116 43933 43950 
361000.000000 44700 44188 43954 43959 
365000.000000 45332 44279 43983 43967 
369000.000000 45963 44401 44019 43982 
373000.000000 46595 44544 44069 43998 
377000.000000 47217 44722 44129 44017 
381000.000000 47832 44923 44202 44045 
385000.000000 48439 45152 44291 44079 
389000.000000 49044 45404 44397 44121 
393000.000000 49641 45675 44517 44170 
397000.000000 50236 45968 44654 44230 
401000.000000 50816 46276 44809 44299 
405000.000000 51393 46600 44979 44379 
409000.000000 51967 46941 45168 44471 
413000.000000 52534 47292 45369 44575 
417000.000000 53085 47660 45585 44687 
421000.000000 53629 48037 45822 44817 
425000.000000 54168 48422 46070 44957 
429000.000000 54694 48816 46331 45110 
433000.000000 55214 49220 46608 45277 
437000.000000 55721 49629 46896 45456 
441000.000000 56226 50046 47199 45650 
445000.000000 56716 50466 47513 45855 
449000.000000 57197 50890 47835 46073 
453000.000000 57669 51321 48170 46303 
457000.000000 58133 51749 48512 46543 
461000.000000 58583 52178 48865 46798 
465000.000000 59026 52609 49222 47062 
469000.000000 59456 53039 49591 47337 
473000.000000 59873 53469 49963 47623 
477000.000000 60276 53898 50340 47918 
481000.000000 60676 54326 50724 48221 
485000.000000 61059 54750 51111 48534 
489000.000000 61435 55171 51502 48859 
493000.000000 61798 55587 51896 49188 
497000.000000 62145 56003 52291 49524 
501000.000000 62487 56408 52688 49868 
505000.000000 62815 56812 53083 50214 
509000.000000 63124 57210 53482 50568 
513000.000000 63431 57602 53878 50926 
517000.000000 63722 57988 54274 51290 
521000.000000 63998 58368 54669 51653 
525000.000000 64275 58742 55062 52023 
529000.000000 64531 59106 55451 52394 
533000.000000 64776 59463 55839 52768 
537000.000000 65014 59813 56220 53138 
541000.000000 65239 60156 56601 53514 
545000.000000 65454 60491 56975 53887 
549000.000000 65535 60818 57344 54263 
553000.000000 65535 61134 57710 54634 
557000.000000 65535 61444 58071 55006 
561000.000000 65535 61747 58426 55376 
565000.000000 65535 62041 58772 55743 
569000.000000 65535 62326 59117 56107 
573000.000000 65535 62603 59454 56468 
577000.000000 65535 62868 59785 56826 
581000.000000 65535 63129 60105 57182 
585000.000000 65535 63376 60423 57530 
589000.000000 65535 63618 60731 57877 
593000.000000 65535 63850 61032 58216 
597000.000000 65535 64073 61324 58555 
601000.000000 65535 64230 61605 58884 
605000.000000 65535 64233 61740 59110 
609000.000000 65535 33291 58943 59077 
613000.000000 65535 33290 56461 58788 
617000.000000 65535 33292 54233 58289 
621000.000000 65535 33293 52220 57637 
625000.000000 65535 33288 50406 56861 
629000.000000 65535 33291 48769 55999 
633000.000000 65535 33291 47292 55075 
637000.000000 65535 33292 45957 54108 
641000.000000 65535 33292 44748 53120 
645000.000000 65535 33292 43658 52123 
649000.000000 65535 33290 42672 51129 
653000.000000 65535 33291 41776 50149 
657000.000000 65535 33293 40971 49187 
661000.000000 65535 33291 40240 48252 
665000.000000 65535 33288 39578 47349 
669000.000000 65327 33290 38978 46476 
673000.000000 65101 33290 38438 45642 
677000.000000 64868 33292 37950 44843 
681000.000000 64619 33290 37505 44083 
685000.000000 64367 33291 37104 43360 
689000.000000 64095 33292 36740 42677 
693000.000000 63818 33291 36410 42029 
697000.000000 63527 33292 36113 41421 
701000.000000 63223 33291 35840 40848 
705000.000000 62907 33294 35597 40309 
709000.000000 62585 33289 35375 39803 
713000.000000 62248 33292 35174 39329 
717000.000000 61901 33291 34994 38889 
721000.000000 61542 33292 34828 38473 
725000.000000 61168 33292 34680 38086 
729000.000000 60785 33290 34544 37728 
733000.000000 60392 33290 34423 37393 
737000.000000 59984 33291 34312 37082 
741000.000000 59564 33289 34210 36792 
745000.000000 59132 33293 34119 36523 
749000.000000 58697 33290 34036 36274 
753000.000000 58247 33289 33960 36042 
757000.000000 57787 33289 33893 35829 
761000.000000 57318 33291 33833 35629 
765000.000000 56834 33289 33776 35448 
769000.000000 56346 33293 33726 35276 
773000.000000 55841 33289 33679 35119 
777000.000000 55333 33290 33635 34974 
781000.000000 54811 33287 33599 34842 
785000.000000 54285 33287 33562 34716 
789000.000000 53740 33296 33531 34602 
793000.000000 53199 33291 33501 34495 
797000.000000 52649 33291 33476 34402 
801000.000000 52078 33290 33453 34313 
805000.000000 51512 33291 33431 34227 
809000.000000 50934 33286 33410 34149 
813000.000000 50353 33288 33394 34081 
817000.000000 49759 33289 33379 34016 
821000.000000 49159 33290 33362 33956 
825000.000000 48552 33290 33349 33901 
829000.000000 47943 33291 33338 33853 
833000.000000 47326 33293 33327 33805 
837000.000000 46706 33289 33315 33762 
841000.000000 46073 33287 33309 33724 
845000.000000 45444 33289 33300 33687 
849000.000000 44802 33288 33292 33655 
853000.000000 44159 33289 33284 33622 
857000.000000 43515 33289 33278 33596 
861000.000000 42867 33292 33271 33569 
865000.000000 42215 33286 33266 33547 
869000.000000 41556 33289 33260 33523 
873000.000000 40889 33296 33256 33503 
877000.000000 40236 33290 33253 33484 
881000.000000 39573 33289 33247 33467 
885000.000000 38898 33289 33245 33450 
889000.000000 38232 33291 33240 33437 
893000.000000 37555 33286 33236 33422 
897000.000000 36885 33287 33236 33408 
901000.000000 36210 33287 33232 33400 
905000.000000 35530 33290 33231 33388 
909000.000000 34850 33291 33228 33379 
913000.000000 34171 33290 33227 33368 
917000.000000 33490 33291 33225 33361 
921000.000000 32814 33287 33222 33354 
925000.000000 32130 33288 33221 33347 
929000.000000 31454 33289 33219 33341 
933000.000000 30780 33288 33218 33335 
937000.000000 30103 33289 33216 33328 
941000.000000 29420 33288 33214 33324 
945000.000000 28753 33288 33215 33320 
949000.000000 28080 33291 33214 33316 
953000.000000 27407 33287 33215 33311 
957000.000000 26735 33292 33211 33306 
961000.000000 26074 33288 33209 33302 
965000.000000 25409 33290 33212 33300 
969000.000000 24749 33290 33209 33297 
973000.000000 24089 33288 33208 33293 
977000.000000 23435 33287 33209 33291 
981000.000000 22788 33288 33209 33290 
985000.000000 22143 33288 33208 33287 
989000.000000 21496 33288 33206 33284 
993000.000000 20860 33289 33207 33284 
997000.000000 20225 33286 33207 33283 
1001000.000000 19599 33287 33206 33280 
1005000.000000 18975 33286 33205 33279 
1009000.000000 18364 33287 33205 33279 
1013000.000000 17749 33286 33205 33275 
1017000.000000 17146 33289 33205 33276 
1021000.000000 16547 33289 33204 33274 
1025000.000000 15954 33289 33205 33274 
1029000.000000 15369 33291 33205 33271 
1033000.000000 14794 33283 33204 33272 
1037000.000000 14226 33284 33204 33271 
1041000.000000 13655 33289 33202 33269 
1045000.000000 13111 33287 33201 33269 
1049000.000000 12567 33288 33203 33269 
1053000.000000 12032 33288 33202 33268 
1057000.000000 11505 33288 33204 33267 
1061000.000000 10987 33285 33203 33267 
1065000.000000 10480 33288 33201 33266 
1069000.000000 9980 33290 33203 33266 
1073000.000000 9493 33286 33203 33267 
1077000.000000 9016 33285 33203 33266 
1081000.000000 8551 33285 33203 33265 
1085000.000000 8095 33287 33202 33264 
1089000.000000 7652 33287 33201 33265 
1093000.000000 7216 33285 33202 33265 
1097000.000000 6795 33288 33203 33265 
1101000.000000 6385 33288 33204 33264 
1105000.000000 5988 33291 33204 33263 
1109000.000000 5599 33286 33203 33264 
1113000.000000 5223 33289 33203 33264 
1117000.000000 4862 33285 33205 33263 
1121000.000000 4511 33286 33203 33263 
1125000.000000 4162 33290 33205 33263 
1129000.000000 3842 33288 33205 33266 
1133000.000000 3525 33287 33205 33264 
1137000.000000 3221 33288 33204 33265 
1141000.000000 2928 33288 33204 33264 
1145000.000000 2649 33281 33207 33262 
1149000.000000 2381 33288 33207 33264 
1153000.000000 2119 33286 33205 33265 
1157000.000000 1875 33287 33205 33265 
1161000.000000 1639 33288 33206 33265 
1165000.000000 1415 33288 33204 33267 
1169000.000000 1200 33289 33206 33265 
1173000.000000 997 33289 33207 33267 
1177000.000000 808 33287 33209 33269 
1181000.000000 624 33288 33208 33266 
1185000.000000 449 33286 33207 33267 
1189000.000000 282 33289 33208 33267 
1193000.000000 128 33286 33207 33269 
1197000.000000 0 33288 33208 33268 
1201000.000000 0 33286 33208 33266 
1205000.000000 0 33286 33209 33268 
1209000.000000 0 33288 33211 33269 
1213000.000000 0 33285 33209 33268 
1217000.000000 0 33286 33210 33268 
1221000.000000 0 33285 33209 33269 
1225000.000000 0 33287 33209 33269 
1229000.000000 0 33276 33211 33271 
1233000.000000 0 43854 34281 33418 
1237000.000000 0 43861 35197 33613 
1241000.000000 0 43861 36022 33877 
1245000.000000 0 43861 36764 34187 
1249000.000000 0 43859 37439 34537 
1253000.000000 0 43862 38047 34912 
1257000.000000 0 43860 38596 35304 
1261000.000000 0 43860 39095 35709 
1265000.000000 0 43860 39544 36119 
1269000.000000 47 43858 39950 36525 
1273000.000000 194 43859 40320 36928 
1277000.000000 355 43859 40652 37327 
1281000.000000 529 43861 40954 37712 
1285000.000000 706 43862 41227 38086 
1289000.000000 894 43861 41474 38447 
1293000.000000 1087 43860 41698 38791 
1297000.000000 1300 43861 41901 39120 
1301000.000000 1515 43860 42083 39437 
1305000.000000 1744 43861 42248 39737 
1309000.000000 1985 43861 42397 40020 
1313000.000000 2237 43860 42537 40290 
1317000.000000 2498 43860 42657 40543 
1321000.000000 2772 43860 42769 40780 
1325000.000000 3058 43861 42871 41003 
1329000.000000 3353 43863 42961 41212 
1333000.000000 3660 43862 43041 41411 
1337000.000000 3982 43863 43116 41594 
1341000.000000 4314 43858 43186 41766 
1345000.000000 4655 43860 43246 41925 
1349000.000000 5009 43861 43302 42075 
1353000.000000 5376 43860 43353 42213 
1357000.000000 5751 43863 43397 42341 
1361000.000000 6146 43860 43439 42463 
1365000.000000 6545 43863 43477 42573 
1369000.000000 6963 43860 43513 42675 
1373000.000000 7386 43861 43543 42771 
1377000.000000 7812 43860 43570 42860 
1381000.000000 8269 43860 43595 42942 
1385000.000000 8726 43860 43619 43019 
1389000.000000 9194 43861 43639 43089 
1393000.000000 9672 43862 43660 43154 
1397000.000000 10164 43859 43677 43214 
1401000.000000 10662 43863 43694 43269 
1405000.000000 11172 43863 43708 43321 
1409000.000000 11685 43862 43719 43368 
1413000.000000 12215 43864 43732 43412 
1417000.000000 12752 43862 43743 43452 
1421000.000000 13294 43863 43751 43489 
1425000.000000 13848 43859 43761 43521 
1429000.000000 14408 43864 43769 43553 
1433000.000000 14980 43864 43776 43584 
1437000.000000 15555 43863 43784 43609 
1441000.000000 16134 43866 43789 43632 
1445000.000000 16732 43865 43796 43657 
1449000.000000 17330 43863 43802 43677 
1453000.000000 17931 43866 43806 43697 
1457000.000000 18540 43864 43809 43714 
1461000.000000 19152 43867 43815 43730 
1465000.000000 19782 43866 43819 43747 
1469000.000000 20402 43866 43822 43759 
1473000.000000 21042 43866 43826 43774 
1477000.000000 21680 43868 43830 43784 
1481000.000000 22317 43865 43833 43795 
1485000.000000 22965 43866 43835 43807 
1489000.000000 23615 43867 43837 43817 
1493000.000000 24268 43867 43839 43825 
1497000.000000 24925 43868 43842 43830 
1501000.000000 25579 43868 43842 43839 
1505000.000000 26238 43872 43846 43847 
1509000.000000 26906 43869 43846 43853 
1513000.000000 27573 43872 43848 43857 
1517000.000000 28242 43873 43849 43864 
1521000.000000 28911 43872 43851 43869 
1525000.000000 29583 43874 43851 43873 
1529000.000000 30255 43871 43854 43877 
1533000.000000 30934 43875 43855 43883 
1537000.000000 31608 43873 43856 43886 
1541000.000000 32284 43878 43856 43888 
1545000.000000 32949 43878 43858 43894 
1549000.000000 33641 43878 43861 43896 
1553000.000000 34316 43881 43860 43898 
1557000.000000 34988 43882 43862 43902 
1561000.000000 35662 43883 43864 43904 
1565000.000000 36338 43884 43865 43906 
1569000.000000 37008 43889 43867 43909 
1573000.000000 37682 43892 43868 43911 
1577000.000000 38356 43897 43870 43914 
1581000.000000 39022 43905 43871 43916 
1585000.000000 39690 43915 43875 43918 
1589000.000000 40351 43928 43878 43923 
1593000.000000 41010 43943 43883 43922 
1597000.000000 41669 43964 43889 43928 
1601000.000000 42326 43992 43895 43931 
1605000.000000 42972 44030 43906 43936 
1609000.000000 43616 44078 43919 43940 
1613000.000000 44262 44136 43938 43949 
1617000.000000 44904 44215 43962 43956 
1621000.000000 45536 44315 43993 43968 
1625000.000000 46164 44441 44035 43982 
1629000.000000 46788 44596 44085 43999 
1633000.000000 47412 44781 44149 44024 
1637000.000000 48024 44992 44229 44054 
1641000.000000 48634 45229 44322 44089 
1645000.000000 49233 45488 44433 44134 
1649000.000000 49827 45767 44557 44187 
1653000.000000 50418 46065 44700 44248 
1657000.000000 51001 46378 44860 44322 
1661000.000000 51576 46709 45036 44406 
1665000.000000 52144 47053 45227 44499 
1669000.000000 52702 47410 45435 44606 
1673000.000000 53250 47778 45660 44726 
1677000.000000 53799 48158 45897 44858 
1681000.000000 54330 48547 46151 45004 
1685000.000000 54859 48943 46419 45161 
1689000.000000 55377 49351 46698 45332 
1693000.000000 55879 49763 46991 45516 
1697000.000000 56382 50180 47297 45712 
1701000.000000 56872 50602 47612 45921 
1705000.000000 57350 51027 47940 46142 
1709000.000000 57815 51455 48278 46378 
1713000.000000 58279 51881 48623 46623 
1717000.000000 58725 52313 48976 46880 
1721000.000000 59160 52744 49339 47148 
1725000.000000 59586 53175 49707 47427 
1729000.000000 60000 53606 50080 47713 
1733000.000000 60405 54033 50462 48015 
1737000.000000 60800 54459 50843 48319 
1741000.000000 61180 54885 51234 48638 
1745000.000000 61549 55303 51626 48961 
1749000.000000 61904 55720 52019 49294 
1753000.000000 62254 56130 52415 49630 
1757000.000000 62584 56537 52812 49976 
1761000.000000 62911 56937 53209 50326 
1765000.000000 63222 57334 53607 50679 
1769000.000000 63520 57724 54005 51040 
1773000.000000 63809 58110 54399 51403 
1777000.000000 64083 58485 54795 51770 
1781000.000000 64353 58856 55184 52139 
1785000.000000 64607 59217 55571 52510 
1789000.000000 64850 59572 55959 52885 
1793000.000000 65084 59922 56340 53258 
1797000.000000 65307 60258 56716 53631 
1801000.000000 65517 60595 57091 54004 
1805000.000000 65535 60918 57460 54377 
1809000.000000 65535 61233 57824 54752 
1813000.000000 65535 61540 58183 55121 
1817000.000000 65535 61839 58533 55492 
1821000.000000 65535 62129 58881 55856 
1825000.000000 65535 62413 59222 56219 
1829000.000000 65535 62683 59555 56581 
1833000.000000 65535 62949 59883 56939 
1837000.000000 65535 63206 60204 57289 
1841000.000000 65535 63452 60517 57637 
1845000.000000 65535 63690 60823 57981 
1849000.000000 65535 63920 61122 58322 
1853000.000000 65535 64138 61413 58656 
1857000.000000 65535 64237 61687 58984 
1861000.000000 65535 33293 58783 58868 
1865000.000000 65535 33291 56318 58583 
1869000.000000 65535 33289 54102 58095 
1873000.000000 65535 33291 52104 57450 
1877000.000000 65535 33291 50303 56683 
1881000.000000 65535 33286 48677 55832 
1885000.000000 65535 33290 47208 54914 
1889000.000000 65535 33291 45880 53959 
1893000.000000 65535 33291 44678 52977 
1897000.000000 65535 33287 43595 51990 
1901000.000000 65535 33284 42611 51004 
1905000.000000 65535 33290 41725 50028 
1909000.000000 65535 33289 40922 49079 
1913000.000000 65535 33293 40197 48150 
1917000.000000 65535 33291 39539 47251 
1921000.000000 65430 33292 38945 46385 
1925000.000000 65215 33291 38409 45559 
1929000.000000 64986 33292 37920 44766 
1933000.000000 64746 33290 37479 44011 
1937000.000000 64493 33292 37081 43292 
1941000.000000 64233 33291 36718 42614 
1945000.000000 63953 33288 36390 41971 
1949000.000000 63674 33290 36095 41366 
1953000.000000 63378 33289 35826 40797 
1957000.000000 63069 33294 35583 40262 
1961000.000000 62749 33292 35361 39761 
1965000.000000 62420 33286 35162 39290 
1969000.000000 62078 33290 34983 38851 
1973000.000000 61723 33291 34819 38440 
1977000.000000 61358 33290 34673 38055 
1981000.000000 60984 33290 34535 37699 
1985000.000000 60593 33287 34413 37366 
1989000.000000 60191 33290 34302 37056 
1993000.000000 59780 33290 34203 36769 
1997000.000000 59360 33291 34113 36502 
2001000.000000 58924 33291 34031 36255 
2005000.000000 58480 33293 33956 36026 
2009000.000000 58024 33291 33887 35812 
2013000.000000 57560 33287 33827 35615 
2017000.000000 57087 33291 33770 35433 
2021000.000000 56600 33289 33722 35263 
2025000.000000 56102 33289 33673 35108 
2029000.000000 55585 33289 33632 34963 
2033000.000000 55077 33290 33595 34830 
2037000.000000 54555 33288 33561 34708 
2041000.000000 54021 33289 33528 34595 
2045000.000000 53477 33289 33502 34489 
2049000.000000 52924 33288 33477 34394 
2053000.000000 52368 33289 33451 34302 
2057000.000000 51804 33288 33431 34221 
2061000.000000 51229 33290 33410 34146 
2065000.000000 50651 33290 33394 34076 
2069000.000000 50058 33286 33377 34011 
2073000.000000 49464 33291 33363 33952 
2077000.000000 48865 33291 33351 33899 
2081000.000000 48253 33290 33336 33850 
2085000.000000 47648 33288 33327 33802 
2089000.000000 47021 33291 33315 33759 
2093000.000000 46398 33288 33306 33721 
2097000.000000 45771 33288 33299 33685 
2101000.000000 45132 33289 33291 33652 
2105000.000000 44489 33289 33283 33621 
2109000.000000 43848 33288 33276 33593 
2113000.000000 43200 33287 33274 33567 
2117000.000000 42549 33290 33264 33543 
2121000.000000 41892 33290 33261 33522 
2125000.000000 41228 33285 33256 33503 
2129000.000000 40568 33286 33252 33483 
2133000.000000 39921 33284 33248 33465 
2137000.000000 39247 33287 33246 33450 
2141000.000000 38576 33288 33241 33436 
2145000.000000 37901 33290 33238 33424 
2149000.000000 37232 33290 33236 33409 
2153000.000000 36550 33292 33232 33398 
2157000.000000 35880 33289 33231 33388 
2161000.000000 35198 33290 33226 33379 
2165000.000000 34519 33288 33226 33371 
2169000.000000 33840 33287 33223 33360 
2173000.000000 33156 33290 33222 33354 
2177000.000000 32482 33289 33218 33347 
2181000.000000 31803 33286 33217 33339 
2185000.000000 31126 33287 33216 33333 
2189000.000000 30450 33291 33216 33327 
2193000.000000 29775 33291 33214 33323 
2197000.000000 29095 33288 33214 33319 
2201000.000000 28422 33290 33213 33313 
2205000.000000 27754 33288 33212 33310 
2209000.000000 27081 33287 33213 33306 
2213000.000000 26415 33287 33210 33300 
2217000.000000 25760 33286 33209 33299 
2221000.000000 25089 33289 33208 33296 
2225000.000000 24427 33289 33209 33294 
2229000.000000 23776 33285 33209 33292 
2233000.000000 23124 33289 33206 33288 
2237000.000000 22475 33294 33207 33287 
2241000.000000 21828 33288 33204 33284 
2245000.000000 21184 33289 33205 33283 
2249000.000000 20551 33287 33205 33279 
2253000.000000 19919 33286 33205 33279 
2257000.000000 19292 33288 33204 33279 
2261000.000000 18673 33287 33205 33277 
2265000.000000 18062 33289 33203 33276 
2269000.000000 17452 33289 33204 33276 
2273000.000000 16853 33288 33204 33274 
2277000.000000 16261 33289 33204 33272 
2281000.000000 15669 33288 33204 33273 
2285000.000000 15092 33288 33204 33270 
2289000.000000 14514 33286 33204 33271 
2293000.000000 13946 33286 33204 33270 
2297000.000000 13397 33285 33204 33270 
2301000.000000 12853 33286 33204 33269 
2305000.000000 12304 33286 33203 33267 
2309000.000000 11776 33287 33203 33268 
2313000.000000 11256 33286 33203 33266 
2317000.000000 10739 33287 33204 33267 
2321000.000000 10238 33292 33202 33267 
2325000.000000 9747 33286 33202 33266 
2329000.000000 9261 33284 33201 33266 
2333000.000000 8791 33285 33204 33265 
2337000.000000 8329 33286 33203 33265 
2341000.000000 7884 33286 33202 33264 
2345000.000000 7439 33288 33203 33265 
2349000.000000 7015 33285 33204 33265 
2353000.000000 6596 33287 33205 33264 
2357000.000000 6192 33285 33203 33264 
2361000.000000 5799 33286 33203 33263 
2365000.000000 5417 33284 33203 33264 
2369000.000000 5048 33288 33204 33264 
2373000.000000 4691 33288 33202 33266 
2377000.000000 4342 33285 33205 33263 
2381000.000000 4010 33287 33204 33264 
2385000.000000 3698 33282 33205 33265 
2389000.000000 3378 33286 33204 33263 
2393000.000000 3082 33286 33205 33263 
2397000.000000 2795 33287 33205 33265 
2401000.000000 2520 33288 33204 33266 
2405000.000000 2255 33290 33204 33265 
2409000.000000 2004 33286 33205 33265 
2413000.000000 1765 33288 33205 33265 
2417000.000000 1534 33287 33205 33266 
2421000.000000 1317 33290 33206 33265 
2425000.000000 1107 33290 33205 33264 
2429000.000000 907 33288 33207 33265 
2433000.000000 718 33285 33206 33267 
2437000.000000 539 33285 33206 33267 
2441000.000000 372 33287 33207 33265 
2445000.000000 211 33286 33207 33266 
2449000.000000 60 33286 33207 33268 
2453000.000000 0 33287 33208 33267 
2457000.000000 0 33287 33207 33267 
2461000.000000 0 33284 33207 33268 
2465000.000000 0 33289 33210 33268 
2469000.000000 0 33285 33208 33269 
2473000.000000 0 33286 33209 33269 
2477000.000000 0 33288 33208 33267 
2481000.000000 0 33287 33210 33270 
2485000.000000 0 33287 33210 33303 
2489000.000000 0 43865 34277 33417 
2493000.000000 0 43862 35192 33614 
2497000.000000 0 43860 36017 33876 
2501000.000000 0 43861 36761 34185 
2505000.000000 0 43859 37436 34538 
2509000.000000 0 43858 38044 34912 
2513000.000000 0 43860 38594 35306 
2517000.000000 0 43859 39091 35709 
2521000.000000 0 43860 39541 36117 
2525000.000000 78 43860 39950 36525 
2529000.000000 231 43862 40319 36929 
2533000.000000 394 43861 40652 37324 
2537000.000000 563 43863 40954 37709 
2541000.000000 742 43861 41227 38083 
2545000.000000 929 43861 41472 38444 
2549000.000000 1131 43860 41698 38792 
2553000.000000 1345 43862 41899 39121 
2557000.000000 1560 43861 42082 39436 
2561000.000000 1791 43863 42248 39735 
2565000.000000 2033 43861 42399 40020 
2569000.000000 2286 43861 42534 40288 
2573000.000000 2551 43863 42658 40541 
2577000.000000 2823 43862 42768 40780 
2581000.000000 3107 43859 42871 41003 
2585000.000000 3409 43861 42962 41213 
2589000.000000 3716 43863 43041 41409 
2593000.000000 4041 43860 43116 41593 
2597000.000000 4372 43861 43188 41764 
2601000.000000 4719 43861 43248 41926 
2605000.000000 5076 43862 43303 42074 
2609000.000000 5446 43861 43354 42213 
2613000.000000 5826 43861 43399 42342 
2617000.000000 6223 43860 43440 42462 
2621000.000000 6623 43862 43478 42573 
2625000.000000 7036 43859 43511 42677 
2629000.000000 7463 43862 43544 42772 
2633000.000000 7902 43862 43571 42860 
2637000.000000 8353 43864 43597 42944 
2641000.000000 8813 43861 43620 43019 
2645000.000000 9283 43864 43641 43089 
2649000.000000 9760 43863 43660 43154 
2653000.000000 10255 43861 43678 43215 
2657000.000000 10752 43864 43692 43269 
2661000.000000 11260 43860 43708 43320 
2665000.000000 11782 43862 43718 43368 
2669000.000000 12310 43862 43732 43412 
2673000.000000 12851 43861 43743 43451 
2677000.000000 13394 43864 43753 43489 
2681000.000000 13952 43865 43762 43522 
2685000.000000 14515 43865 43772 43554 
2689000.000000 15084 43865 43778 43583 
2693000.000000 15659 43864 43784 43609 
2697000.000000 16242 43865 43792 43635 
2701000.000000 16835 43862 43796 43657 
2705000.000000 17435 43864 43801 43679 
2709000.000000 18044 43865 43805 43698 
2713000.000000 18653 43869 43811 43715 
2717000.000000 19270 43866 43814 43732 
2721000.000000 19893 43866 43817 43744 
2725000.000000 20516 43868 43821 43759 
2729000.000000 21155 43866 43826 43773 
2733000.000000 21789 43867 43829 43785 
2737000.000000 22429 43867 43832 43797 
2741000.000000 23079 43867 43835 43806 
2745000.000000 23727 43866 43838 43816 
2749000.000000 24382 43867 43839 43826 
2753000.000000 25038 43869 43840 43831 
2757000.000000 25695 43873 43844 43840 
2761000.000000 26359 43871 43844 43847 
2765000.000000 27026 43871 43847 43852 
2769000.000000 27695 43871 43849 43860 
2773000.000000 28358 43868 43850 43863 
2777000.000000 29033 43870 43850 43867 
2781000.000000 29707 43872 43852 43874 
2785000.000000 30381 43874 43854 43879 
2789000.000000 31054 43875 43854 43883 
2793000.000000 31728 43876 43857 43885 
2797000.000000 32408 43874 43857 43888 
2801000.000000 33080 43877 43859 43893 
2805000.000000 33759 43881 43860 43895 
2809000.000000 34430 43880 43860 43898 
2813000.000000 35104 43880 43862 43901 
2817000.000000 35783 43883 43864 43904 
2821000.000000 36455 43887 43865 43908 
2825000.000000 37128 43888 43865 43910 
2829000.000000 37797 43893 43867 43913 
2833000.000000 38471 43902 43870 43914 
2837000.000000 39135 43907 43872 43916 
2841000.000000 39804 43915 43875 43918 
2845000.000000 40465 43927 43878 43922 
2849000.000000 41129 43945 43882 43924 
2853000.000000 41779 43969 43888 43926 
2857000.000000 42435 43998 43897 43931 
2861000.000000 43088 44037 43908 43934 
2865000.000000 43737 44086 43923 43943 
2869000.000000 44378 44151 43941 43948 
2873000.000000 45019 44231 43967 43956 
2877000.000000 45647 44337 43997 43969 
2881000.000000 46273 44468 44041 43983 
2885000.000000 46902 44629 44095 44001 
2889000.000000 47514 44820 44160 44026 
2893000.000000 48131 45036 44244 44057 
2897000.000000 48739 45275 44340 44096 
2901000.000000 49339 45537 44453 44141 
2905000.000000 49933 45820 44582 44196 
2909000.000000 50522 46118 44728 44260 
2913000.000000 51098 46437 44889 44335 
2917000.000000 51673 46770 45068 44420 
2921000.000000 52239 47115 45264 44519 
2925000.000000 52796 47473 45473 44628 
2929000.000000 53348 47843 45701 44748 
2933000.000000 53891 48226 45939 44882 
2937000.000000 54425 48616 46196 45029 
2941000.000000 54945 49017 46464 45190 
2945000.000000 55464 49421 46747 45362 
2949000.000000 55971 49836 47045 45548 
2953000.000000 56471 50252 47351 45746 
2957000.000000 56954 50675 47668 45957 
2961000.000000 57431 51099 47999 46182 
2965000.000000 57894 51526 48336 46419 
2969000.000000 58349 51958 48684 46666 
2973000.000000 58793 52390 49039 46923 
2977000.000000 59232 52820 49402 47195 
2981000.000000 59657 53251 49771 47476 
2985000.000000 60068 53683 50148 47767 
2989000.000000 60468 54108 50528 48067 
2993000.000000 60863 54533 50912 48376 
2997000.000000 61243 54955 51302 48693 
3001000.000000 61614 55375 51695 49016 
3005000.000000 61961 55788 52088 49351 
3009000.000000 62312 56202 52483 49689 
3013000.000000 62641 56607 52880 50034 
3017000.000000 62960 57006 53278 50386 
3021000.000000 63273 57403 53677 50743 
3025000.000000 63570 57791 54074 51103 
3029000.000000 63854 58174 54467 51465 
3033000.000000 64128 58548 54861 51834 
3037000.000000 64394 58917 55250 52205 
3041000.000000 64647 59278 55639 52577 
3045000.000000 64889 59635 56023 52948 
3049000.000000 65118 59978 56405 53321 
3053000.000000 65340 60319 56782 53696 
3057000.000000 65535 60649 57156 54070 
3061000.000000 65535 60973 57522 54445 
3065000.000000 65535 61286 57886 54816 
3069000.000000 65535 61591 58241 55184 
3073000.000000 65535 61889 58595 55553 
3077000.000000 65535 62174 58943 55918 
3081000.000000 65535 62457 59279 56283 
3085000.000000 65535 62729 59611 56642 
3089000.000000 65535 62992 59938 56996 
3093000.000000 65535 63245 60258 57349 
3097000.000000 65535 63492 60568 57696 
3101000.000000 65535 63728 60877 58041 
3105000.000000 65535 63955 61170 58379 
3109000.000000 65535 64171 61460 58711 
3113000.000000 65535 64229 61727 59038 
3117000.000000 65535 33292 58820 58917 
3121000.000000 65535 33290 56351 58631 
3125000.000000 65535 33292 54132 58143 
3129000.000000 65535 33289 52132 57494 
3133000.000000 65535 33289 50328 56727 
3137000.000000 65535 33291 48699 55870 
3141000.000000 65535 33293 47226 54954 
3145000.000000 65535 33292 45900 53994 
3149000.000000 65535 33289 44694 53012 
3153000.000000 65535 33288 43608 52021 
3157000.000000 65535 33289 42626 51035 
3161000.000000 65535 33292 41740 50057 
3165000.000000 65535 33291 40936 49104 
3169000.000000 65535 33292 40208 48173 
3173000.000000 65535 33290 39551 47276 
3177000.000000 65396 33291 38954 46408 
3181000.000000 65174 33289 38415 45578 
3185000.000000 64944 33291 37926 44784 
3189000.000000 64703 33291 37486 44028 
3193000.000000 64449 33289 37088 43309 
3197000.000000 64188 33288 36726 42631 
3201000.000000 63913 33289 36396 41987 
3205000.000000 63629 33290 36101 41382 
3209000.000000 63329 33294 35831 40809 
3213000.000000 63019 33289 35587 40274 
3217000.000000 62696 33290 35367 39771 
3221000.000000 62365 33290 35167 39301 
3225000.000000 62017 33290 34986 38861 
3229000.000000 61663 33288 34821 38450 
3233000.000000 61298 33290 34674 38065 
3237000.000000 60916 33292 34540 37705 
3241000.000000 60530 33291 34419 37374 
3245000.000000 60125 33292 34307 37064 
3249000.000000 59713 33291 34207 36776 
3253000.000000 59292 33290 34116 36508 
3257000.000000 58854 33291 34033 36261 
3261000.000000 58408 33289 33958 36030 
3265000.000000 57951 33290 33890 35817 
3269000.000000 57480 33290 33827 35620 
3273000.000000 57007 33287 33773 35438 
3277000.000000 56517 33289 33721 35266 
3281000.000000 56023 33290 33676 35112 
3285000.000000 55514 33288 33633 34968 
3289000.000000 55001 33290 33596 34831 
3293000.000000 54472 33294 33562 34710 
3297000.000000 53939 33288 33530 34596 
3301000.000000 53391 33289 33502 34492 
3305000.000000 52842 33289 33475 34396 
3309000.000000 52282 33295 33450 34307 
3313000.000000 51714 33291 33432 34224 
3317000.000000 51132 33290 33410 34147 
3321000.000000 50558 33291 33394 34079 
3325000.000000 49967 33289 33377 34015 
3329000.000000 49374 33289 33363 33953 
3333000.000000 48772 33290 33351 33900 
3337000.000000 48163 33288 33337 33849 
3341000.000000 47546 33284 33327 33804 
3345000.000000 46925 33288 33317 33760 
3349000.000000 46307 33289 33304 33720 
3353000.000000 45671 33290 33296 33684 
3357000.000000 45034 33291 33288 33651 
3361000.000000 44395 33288 33281 33620 
3365000.000000 43751 33288 33275 33593 
3369000.000000 43101 33291 33269 33567 
3373000.000000 42452 33290 33265 33543 
3377000.000000 41798 33290 33260 33521 
3381000.000000 41130 33289 33254 33500 
3385000.000000 40471 33289 33249 33481 
3389000.000000 39807 33285 33244 33465 
3393000.000000 39141 33292 33243 33448 
3397000.000000 38473 33291 33238 33435 
3401000.000000 37799 33289 33237 33421 
3405000.000000 37126 33289 33232 33406 
3409000.000000 36454 33287 33231 33397 
3413000.000000 35773 33285 33228 33386 
3417000.000000 35089 33286 33225 33377 
3421000.000000 34418 33292 33224 33367 
3425000.000000 33740 33288 33221 33361 
3429000.000000 33059 33288 33221 33352 
3433000.000000 32378 33287 33218 33346 
3437000.000000 31701 33290 33218 33340 
3441000.000000 31024 33289 33217 33334 
3445000.000000 30349 33289 33216 33327 
3449000.000000 29671 33291 33212 33320 
3453000.000000 28995 33288 33213 33317 
3457000.000000 28322 33287 33212 33313 
3461000.000000 27653 33286 33210 33309 
3465000.000000 26981 33291 33210 33305 
3469000.000000 26317 33289 33208 33303 
3473000.000000 25648 33289 33209 33300 
3477000.000000 24985 33289 33207 33295 
3481000.000000 24323 33287 33207 33291 
3485000.000000 23674 33288 33206 33291 
3489000.000000 23024 33290 33207 33288 
3493000.000000 22375 33288 33206 33286 
3497000.000000 21728 33283 33204 33284 
3501000.000000 21091 33287 33203 33281 
3505000.000000 20459 33288 33205 33280 
3509000.000000 19830 33288 33205 33278 
3513000.000000 19203 33289 33204 33278 
3517000.000000 18581 33290 33203 33277 
3521000.000000 17966 33288 33202 33274 
3525000.000000 17361 33287 33202 33272 
3529000.000000 16761 33289 33203 33272 
3533000.000000 16169 33285 33204 33272 
3537000.000000 15580 33288 33202 33269 
3541000.000000 15001 33289 33203 33269 
3545000.000000 14433 33287 33202 33268 
3549000.000000 13870 33289 33202 33267 
3553000.000000 13309 33287 33202 33267 
3557000.000000 12763 33291 33203 33268 
3561000.000000 12223 33290 33202 33264 
3565000.000000 11693 33289 33202 33266 
3569000.000000 11177 33285 33201 33266 
3573000.000000 10663 33285 33202 33265 
3577000.000000 10162 33289 33202 33265 
3581000.000000 9670 33284 33203 33265 
3585000.000000 9188 33288 33203 33264 
3589000.000000 8723 33287 33203 33264 
3593000.000000 8261 33289 33202 33264 
3597000.000000 7815 33285 33201 33264 
3601000.000000 7375 33289 33199 33262 
3605000.000000 6949 33287 33200 33263 
3609000.000000 6537 33288 33202 33263 
3613000.000000 6132 33286 33201 33264 
3617000.000000 5740 33284 33201 33264 
3621000.000000 5361 33286 33201 33263 
3625000.000000 4990 33288 33204 33263 
3629000.000000 4639 33291 33204 33263 
3633000.000000 4298 33289 33204 33263 
3637000.000000 3962 33286 33204 33264 
3641000.000000 3642 33287 33205 33264 
3645000.000000 3334 33286 33204 33263 
3649000.000000 3038 33287 33205 33264 
3653000.000000 2756 33287 33205 33264 
3657000.000000 2479 33286 33205 33264 
3661000.000000 2221 33286 33206 33267 
3665000.000000 1971 33285 33205 33264 
3669000.000000 1733 33286 33207 33267 
3673000.000000 1504 33288 33206 33266 
3677000.000000 1288 33286 33206 33265 
3681000.000000 1079 33286 33206 33266 
3685000.000000 881 33287 33207 33266 
3689000.000000 696 33286 33207 33266 
3693000.000000 520 33288 33207 33267 
3697000.000000 352 33288 33209 33266 
3701000.000000 193 33286 33210 33267 
3705000.000000 45 33286 33208 33266 
3709000.000000 0 33285 33208 33268 
3713000.000000 0 33289 33210 33270 
3717000.000000 0 33285 33212 33271 
3721000.000000 0 33286 33209 33269 
3725000.000000 0 33287 33210 33269 
3729000.000000 0 33288 33209 33269 
3733000.000000 0 33288 33211 33270 
3737000.000000 0 33288 33210 33269 
3741000.000000 0 33289 33251 33301 
3745000.000000 0 43861 34279 33417 
3749000.000000 0 43860 35193 33614 
3753000.000000 0 43859 36020 33874 
3757000.000000 0 43861 36764 34188 
3761000.000000 0 43860 37437 34538 
3765000.000000 0 43861 38045 34911 
3769000.000000 0 43860 38595 35306 
3773000.000000 0 43860 39094 35709 
3777000.000000 0 43863 39544 36116 
3781000.000000 107 43862 39951 36524 
3785000.000000 258 43862 40319 36928 
3789000.000000 419 43859 40651 37324 
3793000.000000 587 43859 40955 37712 
3797000.000000 774 43861 41226 38084 
3801000.000000 962 43861 41474 38445 
3805000.000000 1164 43863 41699 38790 
3809000.000000 1375 43862 41898 39122 
3813000.000000 1600 43863 42082 39435 
3817000.000000 1829 43862 42248 39738 
3821000.000000 2070 43862 42397 40021 
3825000.000000 2325 43861 42535 40288 
3829000.000000 2587 43859 42657 40540 
3833000.000000 2865 43860 42768 40779 
3837000.000000 3155 43860 42869 41003 
3841000.000000 3451 43863 42961 41213 
3845000.000000 3764 43863 43043 41410 
3849000.000000 4091 43863 43118 41595 
3853000.000000 4425 43863 43188 41764 
3857000.000000 4771 43861 43248 41924 
3861000.000000 5131 43860 43304 42075 
3865000.000000 5504 43861 43355 42212 
3869000.000000 5885 43861 43400 42342 
3873000.000000 6277 43860 43442 42462 
3877000.000000 6682 43861 43478 42575 
3881000.000000 7102 43861 43512 42679 
3885000.000000 7530 43862 43543 42772 
3889000.000000 7968 43865 43572 42861 
3893000.000000 8420 43864 43598 42945 
3897000.000000 8880 43862 43621 43019 
3901000.000000 9352 43862 43641 43090 
3905000.000000 9832 43863 43661 43154 
3909000.000000 10326 43860 43678 43215 
3913000.000000 10829 43862 43693 43269 
3917000.000000 11340 43864 43708 43320 
3921000.000000 11861 43863 43721 43369 
3925000.000000 12392 43862 43732 43410 
3929000.000000 12928 43864 43742 43454 
3933000.000000 13477 43865 43753 43488 
3937000.000000 14033 43863 43761 43524 
3941000.000000 14599 43863 43772 43555 
3945000.000000 15163 43863 43779 43582 
3949000.000000 15741 43863 43785 43611 
3953000.000000 16327 43864 43793 43635 
3957000.000000 16924 43865 43797 43659 
3961000.000000 17522 43866 43803 43678 
3965000.000000 18133 43865 43805 43698 
3969000.000000 18748 43867 43812 43717 
3973000.000000 19362 43867 43817 43731 
3977000.000000 19981 43867 43819 43747 
3981000.000000 20610 43865 43822 43761 
3985000.000000 21241 43864 43828 43772 
3989000.000000 21882 43866 43829 43784 
3993000.000000 22523 43868 43832 43796 
3997000.000000 23168 43868 43835 43807 
