10000.000000 38511 43964 36435 36379 
50000.000000 40588 43986 37167 36472 
90000.000000 42648 44088 37841 36626 
130000.000000 44665 44230 38460 36827 
170000.000000 46631 44429 39040 37070 
210000.000000 48551 44716 39593 37347 
250000.000000 50417 45099 40130 37650 
290000.000000 52210 45568 40657 37978 
330000.000000 53925 46110 41193 38330 
370000.000000 55566 46719 41731 38702 
410000.000000 57111 47381 42282 39093 
450000.000000 58560 48091 42849 39502 
490000.000000 59903 48838 43436 39933 
530000.000000 61132 49616 44035 40379 
570000.000000 62253 50411 44657 40845 
610000.000000 63262 51219 45295 41330 
650000.000000 64158 52032 45951 41835 
690000.000000 64947 52844 46622 42353 
730000.000000 65535 53647 47303 42891 
770000.000000 65535 54434 47995 43447 
810000.000000 65535 55205 48695 44019 
850000.000000 65535 55952 49401 44604 
890000.000000 65535 56673 50106 45202 
930000.000000 65535 33287 48367 45475 
970000.000000 65535 33292 46925 45629 
1010000.000000 65535 33288 45627 45634 
1050000.000000 65535 33291 44451 45514 
1090000.000000 65535 33290 43390 45297 
1130000.000000 65086 33287 42433 45005 
1170000.000000 64305 33290 41562 44654 
1210000.000000 63425 33289 40777 44256 
1250000.000000 62432 33291 40067 43827 
1290000.000000 61323 33290 39424 43376 
1330000.000000 60104 33291 38838 42912 
1370000.000000 58772 33289 38306 42441 
1410000.000000 57332 33290 37827 41969 
1450000.000000 55797 33289 37391 41502 
1490000.000000 54165 33288 36998 41044 
1530000.000000 52454 33289 36640 40596 
1570000.000000 50655 33289 36316 40160 
1610000.000000 48801 33288 36022 39739 
1650000.000000 46882 33289 35755 39334 
1690000.000000 44905 33292 35512 38948 
1730000.000000 42886 33290 35293 38577 
1770000.000000 40833 33291 35092 38224 
1810000.000000 38742 33290 34911 37891 
1850000.000000 36647 33289 34748 37572 
1890000.000000 34529 33286 34597 37274 
1930000.000000 32407 33291 34463 36992 
1970000.000000 30288 33288 34341 36724 
2010000.000000 28176 33291 34230 36475 
2050000.000000 26088 33289 34128 36240 
2090000.000000 24021 33288 34036 36018 
2130000.000000 21992 33288 33955 35813 
2170000.000000 20003 33289 33877 35621 
2210000.000000 18067 33284 33809 35442 
2250000.000000 16187 33289 33749 35273 
2290000.000000 14375 33288 33693 35116 
2330000.000000 12639 33288 33641 34970 
2370000.000000 10993 33287 33597 34835 
2410000.000000 9441 33283 33552 34710 
2450000.000000 7986 33288 33515 34592 
2490000.000000 6640 33288 33483 34486 
2530000.000000 5411 33288 33453 34384 
2570000.000000 4295 33288 33424 34293 
2610000.000000 3293 33290 33402 34205 
2650000.000000 2413 33289 33379 34127 
2690000.000000 1637 33289 33360 34051 
2730000.000000 972 33288 33343 33988 
2770000.000000 403 33290 33327 33923 
2810000.000000 0 33287 33313 33865 
2850000.000000 0 33288 33302 33813 
2890000.000000 0 33286 33291 33767 
2930000.000000 0 43859 34352 33868 
2970000.000000 0 43858 35254 34023 
3010000.000000 0 43862 36067 34246 
3050000.000000 158 43862 36804 34523 
3090000.000000 682 43859 37467 34838 
3130000.000000 1299 43861 38071 35184 
3170000.000000 2021 43859 38616 35551 
3210000.000000 2848 43860 39112 35931 
3250000.000000 3787 43863 39560 36315 
3290000.000000 4839 43863 39965 36703 
3330000.000000 6007 43862 40333 37089 
3370000.000000 7292 43865 40667 37467 
3410000.000000 8685 43865 40969 37839 
3450000.000000 10177 43863 41241 38198 
3490000.000000 11772 43864 41490 38548 
3530000.000000 13457 43863 41714 38887 
3570000.000000 15218 43861 41919 39207 
3610000.000000 17049 43867 42104 39516 
3650000.000000 18952 43864 42272 39810 
3690000.000000 20905 43867 42424 40089 
3730000.000000 22911 43869 42564 40352 
3770000.000000 24950 43872 42689 40600 
3810000.000000 27017 43869 42803 40838 
3850000.000000 29108 43874 42907 41060 
3890000.000000 31210 43880 43000 41267 
3930000.000000 33324 43877 43086 41462 
3970000.000000 35444 43888 43165 41648 
4010000.000000 37551 43902 43237 41819 
4050000.000000 39630 43940 43304 41981 
4090000.000000 41709 44023 43376 42132 
4130000.000000 43734 44145 43449 42276 
4170000.000000 45725 44307 43530 42414 
4210000.000000 47674 44545 43629 42548 
4250000.000000 49564 44873 43750 42682 
4290000.000000 51392 45293 43901 42818 
4330000.000000 53144 45804 44085 42961 
4370000.000000 54821 46379 44309 43109 
4410000.000000 56407 47014 44569 43274 
4450000.000000 57904 47702 44873 43451 
4490000.000000 59293 48432 45216 43647 
4530000.000000 60577 49196 45603 43862 
4570000.000000 61750 49986 46026 44100 
4610000.000000 62808 50790 46485 44361 
4650000.000000 63757 51606 46979 44649 
4690000.000000 64593 52422 47503 44960 
4730000.000000 65324 53231 48058 45298 
4770000.000000 65535 54028 48634 45659 
4810000.000000 65535 54811 49229 46048 
4850000.000000 65535 55574 49840 46460 
4890000.000000 65535 56309 50466 46893 
4930000.000000 65535 57020 51009 47275 
4970000.000000 65535 33292 49262 47480 
5010000.000000 65535 33290 47730 47502 
5050000.000000 65535 33292 46350 47378 
5090000.000000 65535 33289 45106 47135 
5130000.000000 65387 33290 43980 46802 
5170000.000000 64656 33287 42961 46403 
5210000.000000 63829 33288 42042 45945 
5250000.000000 62886 33290 41207 45452 
5290000.000000 61828 33291 40451 44932 
5330000.000000 60657 33291 39770 44396 
5370000.000000 59378 33289 39150 43850 
5410000.000000 57980 33288 38590 43305 
5450000.000000 56493 33291 38082 42764 
5490000.000000 54903 33290 37622 42234 
5530000.000000 53220 33294 37203 41715 
5570000.000000 51460 33286 36828 41211 
5610000.000000 49635 33291 36485 40725 
5650000.000000 47743 33287 36174 40257 
5690000.000000 45788 33290 35893 39808 
5730000.000000 43792 33287 35638 39381 
5770000.000000 41750 33297 35405 38975 
5810000.000000 39679 33290 35197 38588 
5850000.000000 37586 33290 35006 38223 
5890000.000000 35474 33287 34833 37876 
5930000.000000 33349 33290 34677 37550 
5970000.000000 31229 33284 34535 37243 
6010000.000000 29114 33291 34406 36955 
6050000.000000 27020 33289 34289 36685 
6090000.000000 24938 33288 34182 36432 
6130000.000000 22891 33289 34086 36193 
6170000.000000 20881 33285 34001 35974 
6210000.000000 18921 33287 33921 35766 
6250000.000000 17019 33289 33851 35575 
6290000.000000 15174 33288 33787 35395 
6330000.000000 13404 33289 33728 35228 
6370000.000000 11717 33288 33674 35072 
6410000.000000 10123 33289 33627 34932 
6450000.000000 8624 33288 33582 34794 
6490000.000000 7229 33286 33544 34672 
6530000.000000 5950 33289 33511 34559 
6570000.000000 4779 33284 33477 34450 
6610000.000000 3728 33288 33449 34354 
6650000.000000 2797 33285 33424 34264 
6690000.000000 1971 33288 33402 34179 
6730000.000000 1260 33286 33382 34103 
6770000.000000 647 33290 33363 34032 
6810000.000000 133 33287 33345 33968 
6850000.000000 0 33288 33332 33907 
6890000.000000 0 33288 33318 33853 
6930000.000000 0 33286 33306 33829 
6970000.000000 0 43858 34366 33900 
7010000.000000 0 43860 35269 34054 
7050000.000000 0 43860 36081 34275 
7090000.000000 438 43861 36815 34551 
7130000.000000 1018 43862 37481 34863 
7170000.000000 1688 43862 38083 35210 
7210000.000000 2462 43864 38629 35575 
7250000.000000 3359 43860 39122 35951 
7290000.000000 4355 43861 39569 36335 
7330000.000000 5470 43862 39976 36722 
7370000.000000 6701 43865 40341 37108 
7410000.000000 8044 43863 40676 37486 
7450000.000000 9492 43864 40977 37855 
7490000.000000 11047 43862 41253 38218 
7530000.000000 12691 43863 41501 38567 
7570000.000000 14416 43864 41724 38905 
7610000.000000 16221 43866 41927 39224 
7650000.000000 18091 43869 42111 39532 
7690000.000000 20017 43866 42282 39824 
7730000.000000 22007 43867 42432 40102 
7770000.000000 24028 43868 42569 40365 
7810000.000000 26087 43869 42694 40615 
7850000.000000 28170 43871 42810 40852 
7890000.000000 30268 43873 42915 41072 
7930000.000000 32377 43877 43007 41280 
7970000.000000 34493 43885 43092 41475 
8010000.000000 36600 43893 43171 41659 
8050000.000000 38698 43921 43243 41830 
8090000.000000 40775 43981 43314 41992 
8130000.000000 42823 44084 43389 42147 
8170000.000000 44832 44226 43469 42289 
8210000.000000 46806 44426 43563 42432 
8250000.000000 48718 44710 43673 42569 
8290000.000000 50576 45096 43812 42709 
8330000.000000 52368 45567 43982 42851 
8370000.000000 54082 46109 44190 42999 
8410000.000000 55705 46718 44434 43159 
8450000.000000 57238 47386 44720 43332 
8490000.000000 58676 48097 45047 43523 
8530000.000000 60006 48846 45414 43732 
8570000.000000 61234 49625 45822 43963 
8610000.000000 62343 50426 46266 44213 
8650000.000000 63339 51234 46745 44491 
8690000.000000 64229 52053 47258 44794 
8730000.000000 65002 52865 47798 45121 
8770000.000000 65535 53668 48364 45473 
8810000.000000 65535 54459 48952 45853 
8850000.000000 65535 55231 49558 46255 
8890000.000000 65535 55977 50177 46677 
8930000.000000 65535 56703 50809 47125 
8970000.000000 65535 33291 48998 47259 
9010000.000000 65535 33289 47491 47277 
9050000.000000 65535 33289 46136 47157 
9090000.000000 65535 33290 44911 46918 
9130000.000000 65535 33287 43804 46591 
9170000.000000 65025 33291 42803 46193 
9210000.000000 64244 33288 41897 45746 
9250000.000000 63357 33290 41077 45256 
9290000.000000 62355 33290 40335 44745 
9330000.000000 61240 33293 39664 44217 
9370000.000000 60012 33290 39054 43681 
9410000.000000 58676 33290 38505 43145 
9450000.000000 57232 33288 38004 42615 
9490000.000000 55684 33291 37552 42091 
9530000.000000 54051 33292 37141 41582 
9570000.000000 52329 33290 36769 41085 
9610000.000000 50535 33290 36432 40606 
9650000.000000 48669 33287 36126 40148 
9690000.000000 46744 33288 35849 39703 
9730000.000000 44770 33288 35599 39285 
9770000.000000 42747 33289 35370 38884 
9810000.000000 40691 33288 35166 38504 
9850000.000000 38606 33289 34978 38143 
9890000.000000 36501 33289 34807 37802 
9930000.000000 34385 33289 34654 37483 
9970000.000000 32264 33291 34512 37180 
10010000.000000 30152 33288 34385 36899 
10050000.000000 28040 33289 34272 36630 
10090000.000000 25949 33288 34168 36383 
10130000.000000 23889 33289 34073 36149 
10170000.000000 21859 33286 33987 35930 
10210000.000000 19876 33287 33912 35728 
10250000.000000 17939 33288 33838 35538 
10290000.000000 16069 33289 33778 35362 
10330000.000000 14264 33286 33718 35199 
10370000.000000 12534 33291 33666 35045 
10410000.000000 10889 33286 33619 34903 
10450000.000000 9345 33285 33576 34774 
10490000.000000 7898 33285 33538 34649 
10530000.000000 6562 33287 33504 34536 
10570000.000000 5337 33286 33470 34431 
10610000.000000 4228 33293 33442 34335 
10650000.000000 3237 33289 33417 34247 
10690000.000000 2363 33288 33397 34165 
10730000.000000 1599 33288 33375 34088 
10770000.000000 940 33289 33357 34019 
10810000.000000 376 33284 33341 33954 
10850000.000000 0 33289 33327 33893 
10890000.000000 0 33291 33313 33840 
10930000.000000 0 33289 33301 33790 
10970000.000000 0 43861 34364 33891 
11010000.000000 0 43863 35263 34043 
11050000.000000 0 43859 36078 34268 
11090000.000000 201 43860 36814 34544 
11130000.000000 726 43862 37480 34859 
11170000.000000 1354 43860 38082 35203 
11210000.000000 2076 43866 38629 35568 
11250000.000000 2912 43862 39121 35947 
11290000.000000 3856 43861 39569 36332 
11330000.000000 4916 43862 39974 36720 
11370000.000000 6095 43861 40340 37102 
11410000.000000 7380 43862 40674 37481 
11450000.000000 8783 43863 40977 37854 
11490000.000000 10286 43864 41248 38215 
11530000.000000 11881 43863 41496 38562 
11570000.000000 13570 43864 41722 38899 
11610000.000000 15340 43865 41927 39220 
11650000.000000 17177 43866 42111 39527 
11690000.000000 19071 43867 42277 39822 
11730000.000000 21035 43867 42431 40101 
11770000.000000 23038 43868 42568 40364 
11810000.000000 25079 43870 42694 40613 
11850000.000000 27153 43872 42809 40849 
11890000.000000 29246 43872 42912 41070 
11930000.000000 31351 43875 43005 41279 
11970000.000000 33468 43882 43091 41473 
12010000.000000 35577 43887 43169 41656 
12050000.000000 37677 43908 43242 41826 
12090000.000000 39771 43944 43310 41989 
12130000.000000 41829 44029 43380 42140 
12170000.000000 43857 44150 43454 42284 
12210000.000000 45851 44321 43536 42423 
12250000.000000 47796 44559 43636 42558 
12290000.000000 49676 44897 43760 42690 
12330000.000000 51500 45326 43911 42828 
12370000.000000 53254 45836 44098 42969 
12410000.000000 54924 46417 44324 43119 
12450000.000000 56507 47056 44588 43283 
12490000.000000 57989 47745 44893 43463 
12530000.000000 59375 48478 45242 43660 
12570000.000000 60650 49243 45627 43876 
12610000.000000 61813 50032 46053 44118 
12650000.000000 62868 50839 46516 44380 
12690000.000000 63809 51653 47013 44669 
12730000.000000 64636 52469 47537 44982 
12770000.000000 65356 53278 48091 45320 
12810000.000000 65535 54077 48668 45683 
12850000.000000 65535 54858 49266 46072 
12890000.000000 65535 55618 49880 46486 
12930000.000000 65535 56351 50505 46920 
12970000.000000 65535 52492 48821 47055 
13010000.000000 65535 33289 47330 47082 
13050000.000000 65535 33291 45988 46964 
13090000.000000 65535 33289 44776 46732 
13130000.000000 65535 33292 43683 46410 
13170000.000000 65347 33290 42693 46023 
13210000.000000 64612 33290 41798 45582 
13250000.000000 63772 33292 40989 45103 
13290000.000000 62826 33289 40255 44600 
13330000.000000 61760 33289 39591 44080 
13370000.000000 60582 33288 38989 43553 
13410000.000000 59293 33290 38446 43023 
13450000.000000 57898 33288 37949 42501 
13490000.000000 56401 33289 37503 41983 
13530000.000000 54810 33290 37096 41481 
13570000.000000 53126 33290 36731 40992 
13610000.000000 51363 33289 36397 40519 
13650000.000000 49532 33292 36095 40063 
13690000.000000 47628 33290 35824 39628 
13730000.000000 45679 33289 35572 39213 
13770000.000000 43680 33290 35347 38819 
13810000.000000 41634 33288 35143 38441 
13850000.000000 39558 33284 34960 38087 
13890000.000000 37468 33292 34792 37750 
13930000.000000 35353 33290 34638 37435 
13970000.000000 33233 33288 34500 37136 
14010000.000000 31117 33290 34375 36856 
14050000.000000 29001 33292 34261 36594 
14090000.000000 26903 33287 34157 36347 
14130000.000000 24827 33290 34066 36117 
14170000.000000 22783 33287 33980 35900 
14210000.000000 20775 33288 33904 35699 
14250000.000000 18815 33290 33834 35514 
14290000.000000 16913 33288 33770 35339 
14330000.000000 15074 33288 33712 35175 
14370000.000000 13313 33290 33660 35025 
14410000.000000 11634 33289 33613 34883 
14450000.000000 10041 33286 33572 34755 
14490000.000000 8550 33290 33534 34633 
14530000.000000 7164 33286 33499 34521 
14570000.000000 5885 33294 33467 34420 
14610000.000000 4727 33287 33440 34323 
14650000.000000 3682 33286 33416 34234 
14690000.000000 2751 33287 33392 34152 
14730000.000000 1939 33287 33372 34079 
14770000.000000 1230 33283 33355 34009 
14810000.000000 628 33289 33338 33946 
14850000.000000 111 33290 33327 33887 
14890000.000000 0 33286 33315 33832 
14930000.000000 0 33291 33302 33785 
14970000.000000 0 33288 33334 33769 
15010000.000000 0 43859 34351 33845 
15050000.000000 0 43860 35253 34002 
15090000.000000 0 43862 36070 34228 
15130000.000000 489 43860 36805 34507 
15170000.000000 1071 43862 37469 34825 
15210000.000000 1747 43860 38075 35174 
15250000.000000 2534 43860 38621 35539 
15290000.000000 3432 43861 39116 35921 
15330000.000000 4443 43863 39564 36309 
15370000.000000 5570 43863 39968 36697 
15410000.000000 6805 43862 40337 37084 
15450000.000000 8165 43863 40672 37465 
15490000.000000 9619 43864 40973 37837 
15530000.000000 11175 43862 41246 38199 
15570000.000000 12826 43864 41495 38550 
15610000.000000 14560 43863 41719 38886 
15650000.000000 16368 43865 41925 39210 
15690000.000000 18240 43865 42109 39519 
15730000.000000 20182 43866 42279 39812 
15770000.000000 22163 43868 42430 40092 
15810000.000000 24187 43869 42568 40356 
15850000.000000 26245 43873 42692 40606 
15890000.000000 28333 43871 42805 40842 
15930000.000000 30436 43877 42912 41063 
15970000.000000 32545 43879 43006 41273 
16010000.000000 34650 43884 43092 41468 
16050000.000000 36766 43897 43170 41654 
16090000.000000 38860 43922 43244 41825 
16130000.000000 40934 43986 43317 41987 
16170000.000000 42976 44093 43390 42141 
16210000.000000 44985 44241 43473 42286 
16250000.000000 46951 44443 43567 42428 
16290000.000000 48863 44739 43680 42567 
16330000.000000 50716 45130 43820 42708 
16370000.000000 52491 45604 43993 42850 
16410000.000000 54206 46154 44204 43002 
16450000.000000 55822 46771 44454 43163 
16490000.000000 57348 47436 44742 43341 
16530000.000000 58782 48153 45071 43533 
16570000.000000 60105 48904 45442 43744 
16610000.000000 61316 49686 45853 43973 
16650000.000000 62422 50487 46302 44230 
16690000.000000 63408 51298 46783 44509 
16730000.000000 64287 52114 47295 44814 
16770000.000000 65053 52927 47840 45142 
16810000.000000 65535 53729 48407 45500 
16850000.000000 65535 54516 48999 45880 
16890000.000000 65535 55286 49603 46282 
16930000.000000 65535 56032 50227 46709 
16970000.000000 65535 56753 50854 47157 
17010000.000000 65535 33291 49040 47289 
17050000.000000 65535 33290 47530 47310 
17090000.000000 65535 33289 46168 47187 
17130000.000000 65535 33292 44940 46949 
17170000.000000 65535 33291 43832 46624 
17210000.000000 64927 33289 42826 46223 
17250000.000000 64138 33292 41918 45775 
17290000.000000 63238 33290 41097 45288 
17330000.000000 62220 33288 40353 44775 
17370000.000000 61095 33292 39680 44246 
17410000.000000 59849 33290 39071 43710 
17450000.000000 58495 33288 38516 43171 
17490000.000000 57045 33290 38016 42638 
17530000.000000 55483 33293 37563 42112 
17570000.000000 53849 33289 37151 41601 
17610000.000000 52116 33290 36779 41104 
17650000.000000 50311 33290 36441 40624 
17690000.000000 48439 33287 36135 40162 
17730000.000000 46512 33289 35856 39720 
17770000.000000 44526 33289 35604 39297 
17810000.000000 42499 33286 35377 38898 
17850000.000000 40441 33294 35170 38517 
17890000.000000 38352 33289 34982 38156 
17930000.000000 36241 33282 34812 37815 
17970000.000000 34124 33286 34656 37494 
18010000.000000 32007 33287 34518 37190 
18050000.000000 29891 33286 34390 36907 
18090000.000000 27785 33288 34275 36639 
18130000.000000 25695 33290 34171 36390 
18170000.000000 23637 33288 34077 36156 
18210000.000000 21615 33289 33988 35939 
18250000.000000 19636 33290 33913 35732 
18290000.000000 17707 33287 33842 35543 
18330000.000000 15845 33288 33778 35368 
18370000.000000 14049 33286 33721 35202 
18410000.000000 12325 33288 33667 35049 
18450000.000000 10700 33287 33618 34908 
18490000.000000 9170 33286 33578 34777 
18530000.000000 7734 33287 33539 34653 
18570000.000000 6416 33287 33503 34539 
18610000.000000 5202 33288 33472 34436 
18650000.000000 4106 33285 33443 34338 
18690000.000000 3128 33287 33418 34247 
18730000.000000 2269 33288 33397 34165 
18770000.000000 1518 33286 33376 34089 
18810000.000000 873 33288 33357 34022 
18850000.000000 322 33291 33344 33955 
18890000.000000 0 33285 33327 33896 
18930000.000000 0 33285 33313 33842 
18970000.000000 0 33287 33302 33791 
19010000.000000 0 43856 34363 33889 
19050000.000000 0 43861 35264 34046 
19090000.000000 0 43863 36079 34269 
19130000.000000 257 43860 36811 34545 
19170000.000000 802 43860 37478 34858 
19210000.000000 1430 43863 38082 35203 
19250000.000000 2174 43861 38626 35569 
19290000.000000 3019 43861 39120 35947 
19330000.000000 3980 43862 39567 36332 
19370000.000000 5051 43863 39973 36717 
19410000.000000 6235 43862 40339 37103 
19450000.000000 7545 43861 40674 37482 
19490000.000000 8958 43863 40975 37853 
19530000.000000 10468 43861 41249 38213 
19570000.000000 12079 43864 41497 38562 
19610000.000000 13772 43861 41721 38899 
19650000.000000 15552 43863 41926 39220 
19690000.000000 17397 43866 42110 39530 
19730000.000000 19312 43864 42278 39820 
19770000.000000 21265 43866 42430 40098 
19810000.000000 23278 43867 42568 40364 
19850000.000000 25321 43867 42694 40611 
19890000.000000 27401 43872 42808 40847 
19930000.000000 29497 43875 42913 41068 
19970000.000000 31600 43878 43007 41277 
20010000.000000 33715 43880 43090 41472 
20050000.000000 35823 43890 43168 41656 
20090000.000000 37924 43909 43241 41827 
20130000.000000 40010 43951 43309 41989 
20170000.000000 42068 44040 43379 42141 
20210000.000000 44093 44169 43455 42284 
20250000.000000 46078 44344 43542 42425 
20290000.000000 48017 44593 43644 42559 
20330000.000000 49899 44941 43770 42693 
20370000.000000 51705 45381 43926 42833 
20410000.000000 53447 45900 44119 42975 
20450000.000000 55106 46485 44347 43129 
20490000.000000 56675 47131 44618 43295 
20530000.000000 58147 47828 44928 43476 
20570000.000000 59528 48563 45280 43676 
20610000.000000 60792 49332 45671 43897 
20650000.000000 61940 50125 46101 44139 
20690000.000000 62983 50932 46569 44405 
20730000.000000 63903 51747 47068 44698 
20770000.000000 64721 52562 47599 45013 
20810000.000000 65425 53371 48155 45355 
20850000.000000 65535 54164 48735 45723 
20890000.000000 65535 54943 49333 46113 
20930000.000000 65535 55699 49949 46530 
20970000.000000 65535 56430 50574 46967 
21010000.000000 65535 33294 48789 47094 
21050000.000000 65535 33288 47303 47113 
21090000.000000 65535 33291 45964 46990 
21130000.000000 65535 33289 44754 46753 
21170000.000000 65535 33287 43662 46428 
21210000.000000 65248 33290 42675 46034 
21250000.000000 64503 33292 41783 45591 
21290000.000000 63649 33293 40973 45112 
21330000.000000 62683 33287 40241 44604 
21370000.000000 61610 33293 39578 44081 
21410000.000000 60417 33288 38978 43553 
21450000.000000 59114 33290 38434 43024 
21490000.000000 57707 33288 37942 42498 
21530000.000000 56196 33289 37496 41984 
21570000.000000 54589 33290 37092 41477 
21610000.000000 52897 33288 36725 40987 
21650000.000000 51121 33289 36391 40515 
21690000.000000 49284 33288 36090 40064 
21730000.000000 47379 33288 35816 39624 
21770000.000000 45410 33288 35569 39210 
21810000.000000 43404 33289 35343 38815 
21850000.000000 41363 33288 35139 38440 
21890000.000000 39292 33288 34956 38083 
21930000.000000 37192 33288 34789 37747 
21970000.000000 35081 33288 34635 37432 
22010000.000000 32956 33287 34496 37132 
22050000.000000 30838 33288 34371 36853 
22090000.000000 28724 33290 34258 36591 
22130000.000000 26628 33287 34155 36343 
22170000.000000 24554 33286 34061 36114 
22210000.000000 22515 33291 33976 35897 
22250000.000000 20516 33288 33899 35696 
22290000.000000 18567 33287 33830 35510 
22330000.000000 16673 33286 33769 35336 
22370000.000000 14836 33288 33712 35173 
22410000.000000 13091 33286 33658 35022 
22450000.000000 11422 33288 33611 34881 
22490000.000000 9842 33289 33569 34753 
22530000.000000 8357 33285 33532 34631 
22570000.000000 6993 33287 33495 34522 
22610000.000000 5731 33286 33467 34416 
22650000.000000 4581 33288 33439 34321 
22690000.000000 3552 33288 33415 34234 
22730000.000000 2638 33286 33391 34152 
22770000.000000 1839 33288 33372 34076 
22810000.000000 1147 33287 33356 34007 
22850000.000000 553 33286 33337 33945 
22890000.000000 51 33286 33323 33884 
22930000.000000 0 33289 33310 33832 
22970000.000000 0 33290 33300 33784 
23010000.000000 0 43818 34356 33882 
23050000.000000 0 43860 35260 34037 
23090000.000000 0 43861 36072 34259 
23130000.000000 42 43858 36808 34536 
23170000.000000 544 43861 37474 34852 
23210000.000000 1137 43861 38075 35196 
23250000.000000 1824 43858 38622 35561 
23290000.000000 2622 43863 39116 35941 
23330000.000000 3532 43861 39564 36326 
23370000.000000 4557 43860 39969 36712 
23410000.000000 5691 43862 40336 37096 
23450000.000000 6941 43861 40669 37475 
23490000.000000 8305 43861 40972 37848 
23530000.000000 9775 43863 41245 38207 
23570000.000000 11340 43863 41492 38557 
23610000.000000 12999 43862 41717 38893 
23650000.000000 14747 43862 41922 39215 
23690000.000000 16560 43867 42108 39524 
23730000.000000 18443 43863 42274 39816 
23770000.000000 20387 43866 42427 40096 
23810000.000000 22373 43866 42565 40359 
23850000.000000 24399 43868 42689 40607 
23890000.000000 26463 43871 42803 40843 
23930000.000000 28552 43873 42907 41064 
23970000.000000 30656 43873 43003 41274 
24010000.000000 32772 43878 43088 41468 
24050000.000000 34877 43884 43165 41652 
24090000.000000 36989 43895 43239 41825 
24130000.000000 39082 43928 43303 41985 
24170000.000000 41155 43995 43371 42135 
24210000.000000 43193 44107 43443 42278 
24250000.000000 45198 44257 43521 42417 
24290000.000000 47159 44470 43613 42550 
24330000.000000 49063 44777 43724 42680 
24370000.000000 50908 45175 43866 42812 
24410000.000000 52685 45660 44040 42950 
24450000.000000 54382 46216 44252 43094 
24490000.000000 55987 46838 44504 43254 
24530000.000000 57510 47512 44793 43425 
24570000.000000 58928 48230 45125 43612 
24610000.000000 60239 48987 45501 43823 
24650000.000000 61440 49770 45911 44052 
24690000.000000 62534 50572 46362 44309 
24730000.000000 63510 51384 46848 44585 
24770000.000000 64373 52201 47365 44889 
24810000.000000 65132 53013 47908 45217 
24850000.000000 65535 53816 48479 45573 
24890000.000000 65535 54601 49069 45953 
24930000.000000 65535 55366 49676 46357 
24970000.000000 65535 56113 50298 46783 
25010000.000000 65535 56828 50928 47230 
25050000.000000 65535 33287 49105 47360 
25090000.000000 65535 33290 47589 47382 
25130000.000000 65535 33290 46222 47257 
25170000.000000 65535 33286 44988 47017 
25210000.000000 65535 33290 43874 46685 
25250000.000000 64870 33291 42867 46286 
25290000.000000 64065 33289 41953 45834 
25330000.000000 63153 33288 41129 45344 
25370000.000000 62127 33291 40383 44827 
25410000.000000 60989 33289 39706 44294 
25450000.000000 59739 33288 39093 43755 
25490000.000000 58376 33291 38539 43215 
25530000.000000 56911 33288 38036 42680 
25570000.000000 55353 33290 37580 42152 
25610000.000000 53697 33289 37168 41640 
25650000.000000 51962 33288 36794 41140 
25690000.000000 50147 33288 36454 40657 
25730000.000000 48274 33289 36146 40194 
25770000.000000 46337 33288 35869 39749 
25810000.000000 44342 33289 35615 39325 
25850000.000000 42317 33288 35386 38923 
25890000.000000 40259 33285 35177 38538 
25930000.000000 38165 33288 34989 38176 
25970000.000000 36062 33286 34818 37833 
26010000.000000 33939 33290 34661 37511 
26050000.000000 31821 33287 34523 37207 
26090000.000000 29704 33290 34393 36920 
26130000.000000 27602 33286 34277 36653 
26170000.000000 25513 33287 34173 36401 
26210000.000000 23460 33292 34077 36167 
26250000.000000 21438 33286 33992 35948 
26290000.000000 19464 33288 33915 35743 
26330000.000000 17538 33288 33843 35554 
26370000.000000 15682 33286 33778 35373 
26410000.000000 13890 33286 33721 35209 
26450000.000000 12179 33289 33669 35056 
26490000.000000 10560 33290 33621 34912 
26530000.000000 9031 33292 33578 34781 
26570000.000000 7605 33288 33537 34658 
26610000.000000 6295 33288 33504 34546 
26650000.000000 5093 33288 33472 34439 
26690000.000000 4010 33286 33444 34342 
26730000.000000 3038 33281 33419 34251 
26770000.000000 2184 33287 33397 34171 
26810000.000000 1447 33287 33379 34092 
26850000.000000 808 33287 33359 34022 
26890000.000000 262 33288 33344 33959 
26930000.000000 0 33288 33329 33900 
26970000.000000 0 33289 33316 33844 
27010000.000000 0 33287 33304 33792 
27050000.000000 0 43858 34365 33894 
27090000.000000 0 43860 35265 34048 
27130000.000000 0 43860 36079 34271 
27170000.000000 292 43861 36815 34546 
27210000.000000 839 43860 37480 34861 
27250000.000000 1486 43860 38084 35205 
27290000.000000 2234 43863 38629 35570 
27330000.000000 3091 43860 39122 35950 
27370000.000000 4060 43861 39569 36334 
27410000.000000 5147 43863 39973 36720 
27450000.000000 6344 43862 40342 37104 
27490000.000000 7657 43861 40673 37484 
27530000.000000 9086 43863 40977 37854 
27570000.000000 10605 43862 41249 38216 
27610000.000000 12224 43862 41497 38563 
27650000.000000 13923 43865 41721 38900 
27690000.000000 15709 43865 41925 39223 
27730000.000000 17565 43864 42111 39529 
27770000.000000 19482 43867 42277 39821 
27810000.000000 21442 43869 42431 40101 
27850000.000000 23462 43866 42569 40365 
27890000.000000 25506 43869 42694 40614 
27930000.000000 27591 43871 42807 40847 
27970000.000000 29685 43873 42911 41069 
28010000.000000 31797 43875 43004 41278 
28050000.000000 33907 43882 43091 41473 
28090000.000000 36023 43890 43170 41658 
28130000.000000 38117 43910 43242 41828 
28170000.000000 40201 43959 43310 41989 
28210000.000000 42257 44049 43383 42141 
28250000.000000 44278 44182 43461 42286 
28290000.000000 46265 44361 43548 42425 
28330000.000000 48197 44623 43652 42560 
28370000.000000 50069 44978 43782 42696 
28410000.000000 51881 45426 43940 42835 
28450000.000000 53612 45952 44135 42982 
28490000.000000 55267 46546 44369 43136 
28530000.000000 56831 47197 44643 43303 
28570000.000000 58293 47897 44958 43488 
28610000.000000 59656 48637 45313 43691 
28650000.000000 60909 49409 45708 43913 
28690000.000000 62051 50205 46143 44159 
28730000.000000 63085 51013 46615 44427 
28770000.000000 64000 51829 47116 44723 
28810000.000000 64802 52644 47649 45041 
28850000.000000 65507 53450 48210 45385 
28890000.000000 65535 54246 48791 45757 
28930000.000000 65535 55021 49392 46152 
28970000.000000 65535 55778 50007 46568 
29010000.000000 65535 56510 50637 47009 
29050000.000000 65535 33290 48844 47139 
29090000.000000 65535 33292 47353 47155 
29130000.000000 65535 33289 46008 47033 
29170000.000000 65535 33288 44796 46797 
29210000.000000 65535 33290 43700 46471 
29250000.000000 65230 33290 42711 46078 
29290000.000000 64470 33286 41814 45632 
29330000.000000 63619 33288 41002 45151 
29370000.000000 62647 33294 40268 44643 
29410000.000000 61556 33289 39602 44120 
29450000.000000 60360 33289 39000 43589 
29490000.000000 59043 33293 38454 43056 
29530000.000000 57634 33289 37959 42529 
29570000.000000 56119 33288 37510 42012 
29610000.000000 54509 33288 37104 41505 
29650000.000000 52810 33289 36735 41012 
29690000.000000 51032 33290 36401 40541 
29730000.000000 49185 33289 36099 40082 
29770000.000000 47273 33287 35824 39647 
29810000.000000 45304 33291 35578 39228 
29850000.000000 43300 33288 35351 38834 
29890000.000000 41257 33281 35147 38456 
29930000.000000 39175 33289 34964 38100 
29970000.000000 37079 33288 34795 37764 
30010000.000000 34962 33288 34642 37445 
30050000.000000 32842 33288 34503 37147 
30090000.000000 30721 33291 34376 36864 
30130000.000000 28611 33287 34262 36602 
30170000.000000 26513 33290 34160 36356 
30210000.000000 24443 33286 34064 36124 
30250000.000000 22406 33287 33979 35907 
30290000.000000 20401 33289 33902 35708 
30330000.000000 18458 33287 33833 35518 
30370000.000000 16565 33289 33771 35343 
30410000.000000 14737 33288 33712 35181 
30450000.000000 12988 33289 33660 35029 
30490000.000000 11322 33285 33615 34887 
30530000.000000 9746 33288 33572 34758 
30570000.000000 8278 33288 33534 34635 
30610000.000000 6903 33286 33500 34526 
30650000.000000 5650 33287 33469 34421 
30690000.000000 4507 33286 33441 34326 
30730000.000000 3487 33287 33413 34238 
30770000.000000 2578 33286 33392 34156 
30810000.000000 1785 33292 33372 34080 
30850000.000000 1094 33288 33354 34012 
30890000.000000 507 33287 33340 33947 
30930000.000000 11 33288 33326 33887 
30970000.000000 0 33288 33310 33833 
31010000.000000 0 33288 33302 33785 
31050000.000000 0 43853 34359 33885 
31090000.000000 0 43861 35261 34039 
31130000.000000 0 43861 36073 34263 
31170000.000000 59 43860 36809 34537 
31210000.000000 569 43860 37475 34852 
31250000.000000 1166 43861 38078 35197 
31290000.000000 1865 43861 38623 35563 
31330000.000000 2671 43861 39119 35942 
31370000.000000 3586 43865 39565 36327 
31410000.000000 4619 43862 39971 36715 
31450000.000000 5765 43861 40339 37100 
31490000.000000 7027 43862 40670 37478 
31530000.000000 8396 43862 40972 37849 
31570000.000000 9873 43860 41244 38208 
31610000.000000 11453 43861 41495 38558 
31650000.000000 13114 43864 41718 38895 
31690000.000000 14860 43863 41922 39215 
31730000.000000 16682 43865 42107 39525 
31770000.000000 18574 43865 42275 39817 
31810000.000000 20520 43866 42430 40094 
31850000.000000 22515 43865 42568 40359 
31890000.000000 24542 43869 42692 40608 
31930000.000000 26610 43870 42808 40845 
31970000.000000 28702 43872 42910 41064 
32010000.000000 30804 43876 43004 41276 
32050000.000000 32913 43878 43089 41472 
32090000.000000 35029 43886 43167 41654 
32130000.000000 37133 43900 43239 41824 
32170000.000000 39224 43930 43306 41985 
32210000.000000 41293 44001 43374 42138 
32250000.000000 43341 44117 43445 42280 
32290000.000000 45343 44270 43525 42418 
32330000.000000 47294 44489 43619 42552 
32370000.000000 49197 44801 43733 42683 
32410000.000000 51041 45207 43876 42815 
32450000.000000 52804 45696 44053 42954 
32490000.000000 54502 46259 44265 43100 
32530000.000000 56108 46885 44521 43260 
32570000.000000 57620 47563 44816 43434 
32610000.000000 59033 48287 45152 43623 
32650000.000000 60332 49045 45526 43834 
32690000.000000 61531 49829 45944 44066 
32730000.000000 62614 50633 46397 44322 
32770000.000000 63584 51446 46884 44604 
32810000.000000 64442 52262 47403 44910 
32850000.000000 65197 53073 47949 45240 
32890000.000000 65535 53876 48521 45597 
32930000.000000 65535 54663 49115 45979 
32970000.000000 65535 55428 49723 46385 
33010000.000000 65535 56168 50345 46815 
33050000.000000 65535 56885 50976 47264 
33090000.000000 65535 33290 49148 47396 
33130000.000000 65535 33289 47628 47418 
33170000.000000 65535 33288 46258 47292 
33210000.000000 65535 33291 45023 47051 
33250000.000000 65535 33295 43903 46721 
33290000.000000 64832 33288 42893 46319 
33330000.000000 64023 33290 41980 45866 
33370000.000000 63102 33288 41151 45375 
33410000.000000 62069 33288 40401 44858 
33450000.000000 60919 33293 39723 44323 
33490000.000000 59662 33289 39109 43784 
33530000.000000 58296 33289 38555 43242 
33570000.000000 56825 33291 38050 42703 
33610000.000000 55249 33290 37590 42176 
33650000.000000 53597 33289 37178 41660 
33690000.000000 51851 33289 36803 41158 
33730000.000000 50039 33289 36463 40676 
33770000.000000 48152 33289 36154 40212 
33810000.000000 46212 33289 35875 39767 
33850000.000000 44226 33287 35620 39342 
33890000.000000 42194 33287 35392 38937 
33930000.000000 40135 33288 35182 38553 
33970000.000000 38038 33288 34993 38190 
34010000.000000 35925 33288 34822 37847 
34050000.000000 33812 33291 34667 37523 
34090000.000000 31687 33288 34525 37217 
34130000.000000 29567 33286 34396 36930 
34170000.000000 27468 33288 34282 36663 
34210000.000000 25388 33289 34178 36411 
34250000.000000 23331 33288 34082 36175 
34290000.000000 21313 33288 33995 35957 
34330000.000000 19340 33289 33914 35750 
34370000.000000 17420 33286 33844 35560 
34410000.000000 15565 33287 33779 35379 
34450000.000000 13782 33289 33721 35214 
34490000.000000 12072 33287 33670 35062 
34530000.000000 10460 33287 33622 34917 
34570000.000000 8938 33285 33581 34785 
34610000.000000 7520 33287 33542 34663 
34650000.000000 6214 33289 33505 34548 
34690000.000000 5020 33285 33477 34443 
34730000.000000 3934 33291 33446 34346 
34770000.000000 2984 33288 33419 34256 
34810000.000000 2137 33288 33396 34172 
34850000.000000 1402 33284 33377 34097 
34890000.000000 768 33286 33362 34025 
34930000.000000 229 33279 33344 33961 
34970000.000000 0 33285 33328 33902 
35010000.000000 0 33288 33318 33847 
35050000.000000 0 33288 33305 33797 
35090000.000000 0 43858 34366 33896 
35130000.000000 0 43858 35269 34050 
35170000.000000 0 43860 36080 34273 
35210000.000000 339 43858 36815 34547 
35250000.000000 895 43860 37481 34862 
35290000.000000 1551 43862 38083 35206 
35330000.000000 2307 43861 38627 35573 
35370000.000000 3171 43861 39121 35949 
35410000.000000 4153 43863 39569 36335 
35450000.000000 5252 43862 39975 36721 
35490000.000000 6463 43860 40342 37105 
35530000.000000 7787 43863 40674 37486 
35570000.000000 9213 43861 40977 37855 
35610000.000000 10746 43861 41249 38216 
35650000.000000 12373 43862 41498 38563 
35690000.000000 14088 43865 41722 38900 
35730000.000000 15875 43863 41925 39223 
35770000.000000 17731 43865 42110 39529 
35810000.000000 19653 43865 42277 39822 
35850000.000000 21625 43866 42430 40101 
35890000.000000 23645 43869 42568 40365 
35930000.000000 25701 43868 42694 40614 
35970000.000000 27779 43871 42806 40848 
36010000.000000 29883 43875 42911 41070 
36050000.000000 31984 43876 43004 41278 
36090000.000000 34101 43881 43092 41474 
36130000.000000 36211 43893 43169 41657 
36170000.000000 38307 43912 43242 41830 
36210000.000000 40378 43965 43312 41991 
36250000.000000 42438 44062 43384 42141 
36290000.000000 44462 44195 43463 42287 
36330000.000000 46439 44382 43551 42426 
36370000.000000 48370 44650 43660 42564 
36410000.000000 50234 45019 43790 42699 
36450000.000000 52037 45472 43954 42839 
36490000.000000 53767 46003 44152 42985 
36530000.000000 55409 46602 44390 43143 
36570000.000000 56967 47259 44668 43313 
36610000.000000 58427 47960 44986 43499 
36650000.000000 59775 48705 45347 43704 
36690000.000000 61015 49480 45746 43929 
36730000.000000 62146 50277 46185 44176 
36770000.000000 63170 51085 46656 44448 
36810000.000000 64076 51901 47162 44745 
36850000.000000 64873 52715 47700 45068 
36890000.000000 65535 53522 48261 45415 
36930000.000000 65535 54317 48846 45788 
36970000.000000 65535 55092 49450 46185 
37010000.000000 65535 55843 50066 46606 
37050000.000000 65535 56571 50693 47047 
37090000.000000 65535 33287 48897 47177 
37130000.000000 65535 33288 47399 47194 
37170000.000000 65535 33289 46051 47073 
37210000.000000 65535 33288 44834 46837 
37250000.000000 65535 33288 43733 46511 
37290000.000000 65150 33288 42741 46115 
37330000.000000 64384 33289 41840 45670 
37370000.000000 63513 33290 41027 45187 
37410000.000000 62530 33289 40289 44676 
37450000.000000 61430 33290 39621 44152 
37490000.000000 60214 33289 39017 43617 
37530000.000000 58902 33287 38469 43085 
37570000.000000 57470 33290 37974 42557 
37610000.000000 55948 33288 37524 42036 
37650000.000000 54326 33289 37117 41530 
37690000.000000 52617 33291 36746 41037 
37730000.000000 50831 33289 36413 40561 
37770000.000000 48982 33285 36107 40104 
37810000.000000 47058 33292 35832 39666 
37850000.000000 45091 33289 35582 39249 
37890000.000000 43085 33288 35358 38847 
37930000.000000 41030 33289 35152 38471 
37970000.000000 38944 33289 34966 38114 
38010000.000000 36848 33288 34798 37774 
38050000.000000 34734 33288 34643 37458 
38090000.000000 32613 33283 34506 37159 
38130000.000000 30490 33287 34380 36875 
38170000.000000 28379 33287 34266 36612 
38210000.000000 26291 33288 34161 36361 
38250000.000000 24223 33288 34066 36129 
38290000.000000 22186 33287 33983 35915 
38330000.000000 20193 33287 33905 35713 
38370000.000000 18247 33288 33835 35525 
38410000.000000 16365 33288 33773 35348 
38450000.000000 14547 33288 33714 35186 
38490000.000000 12805 33288 33664 35032 
38530000.000000 11152 33290 33617 34893 
38570000.000000 9589 33286 33573 34760 
38610000.000000 8125 33287 33536 34640 
38650000.000000 6769 33288 33500 34528 
38690000.000000 5525 33288 33468 34426 
38730000.000000 4398 33287 33441 34329 
38770000.000000 3389 33287 33415 34240 
38810000.000000 2493 33287 33394 34157 
38850000.000000 1707 33290 33372 34083 
38890000.000000 1033 33288 33354 34015 
38930000.000000 459 33287 33339 33948 
38970000.000000 0 33288 33325 33889 
39010000.000000 0 33289 33311 33835 
39050000.000000 0 33284 33302 33785 
39090000.000000 0 43859 34361 33886 
39130000.000000 0 43859 35262 34041 
39170000.000000 0 43862 36076 34265 
39210000.000000 117 43860 36812 34537 
39250000.000000 633 43862 37476 34855 
39290000.000000 1241 43861 38079 35200 
39330000.000000 1945 43860 38624 35564 
39370000.000000 2762 43862 39118 35943 
39410000.000000 3688 43861 39566 36328 
39450000.000000 4731 43860 39971 36714 
39490000.000000 5894 43863 40339 37100 
39530000.000000 7167 43862 40671 37480 
39570000.000000 8542 43860 40974 37849 
39610000.000000 10030 43863 41246 38212 
39650000.000000 11615 43862 41496 38559 
39690000.000000 13288 43862 41721 38895 
39730000.000000 15042 43865 41923 39218 
39770000.000000 16864 43865 42109 39525 
39810000.000000 18766 43865 42275 39820 
39850000.000000 20716 43866 42428 40097 
39890000.000000 22715 43868 42566 40360 
39930000.000000 24748 43869 42691 40609 
39970000.000000 26819 43870 42807 40844 
