44351 
44352 
44352 
44358 
44359 
44359 
44361 
44362 
44366 
44367 
44366 
44367 
44374 
44371 
44371 
44374 
44376 
44378 
44378 
44379 
44382 
44386 
44383 
44383 
44388 
44387 
44388 
44388 
44391 
44390 
44395 
44394 
44394 
44397 
44399 
44397 
44399 
44398 
44401 
44405 
44404 
44403 
44405 
44407 
44409 
44407 
44407 
44409 
44416 
44410 
44412 
44414 
44416 
44414 
44415 
44416 
44420 
44419 
44419 
44418 
44424 
44421 
44422 
44422 
44425 
44424 
44429 
44427 
44428 
44428 
44428 
44429 
44430 
44430 
44432 
44434 
34175 
33282 
33285 
33285 
33287 
33281 
33284 
33284 
33291 
33282 
33283 
33284 
33286 
33284 
33280 
33288 
33286 
33288 
33283 
33285 
33285 
33284 
33284 
33284 
33286 
33283 
33288 
33286 
33287 
33283 
33284 
33285 
33284 
33282 
33282 
33291 
33285 
33283 
33284 
33287 
33285 
33284 
33282 
33286 
33290 
33283 
33282 
33285 
33286 
33283 
33281 
33285 
33285 
33287 
33285 
33283 
33286 
33283 
33284 
33283 
33284 
33283 
33287 
33288 
33284 
33283 
33285 
33287 
33283 
33281 
33283 
33289 
33286 
33281 
33284 
33286 
33286 
33282 
33282 
33283 
33290 
33283 
33281 
33287 
33284 
33285 
33281 
33285 
33283 
33287 
33283 
33284 
33285 
33285 
33283 
33283 
33285 
33282 
33289 
33285 
33282 
33284 
33285 
33285 
33283 
33283 
33281 
33289 
33284 
33281 
33283 
33289 
33283 
33282 
33283 
33284 
33287 
33283 
33282 
33285 
33285 
33284 
33282 
33285 
41855 
44037 
44084 
44117 
44140 
44158 
44173 
44186 
44196 
44207 
44218 
44225 
44231 
44237 
44245 
44251 
44253 
44261 
44264 
44274 
44273 
44277 
44283 
44290 
44290 
44293 
44297 
44300 
44305 
44306 
44310 
44313 
44316 
44317 
44320 
44324 
44325 
44329 
44330 
44332 
44333 
44337 
44339 
44340 
44342 
44343 
44350 
44349 
44348 
44351 
44355 
44355 
44355 
44358 
44360 
44364 
44362 
44364 
44366 
44369 
44369 
44368 
44372 
44374 
44377 
44375 
44377 
44380 
44381 
44381 
44386 
44385 
44383 
44387 
44388 
44388 
44389 
44392 
44393 
44392 
44393 
44395 
44400 
44399 
44397 
44399 
44403 
44401 
44401 
44402 
44405 
44408 
44405 
44405 
44409 
44410 
44409 
44410 
44411 
44414 
44416 
44413 
44416 
44417 
44417 
44417 
44418 
44418 
44418 
44424 
44422 
44421 
44422 
44426 
44425 
44423 
44425 
44426 
44431 
44428 
44427 
44429 
44433 
44430 
44431 
33282 
33284 
33284 
33282 
33282 
33285 
33287 
33283 
33281 
33283 
33282 
33286 
33283 
33284 
33280 
33287 
33283 
33283 
33283 
33285 
33285 
33285 
33281 
33282 
33287 
33283 
33282 
33284 
33284 
33289 
33282 
33282 
33285 
33288 
33282 
33280 
33286 
33286 
33284 
33283 
33284 
33285 
33286 
33284 
33283 
33286 
33283 
33285 
33286 
33284 
33283 
33286 
33284 
33285 
33284 
33284 
33288 
33284 
33282 
33282 
33287 
33286 
33280 
33285 
33286 
33288 
33283 
33284 
33284 
33287 
33283 
33282 
33286 
33284 
33286 
33283 
33286 
33285 
33286 
33282 
33286 
33286 
33282 
33285 
33285 
33286 
33284 
33287 
33285 
33283 
33283 
33284 
33287 
33285 
33282 
33283 
33288 
33286 
33282 
33283 
33284 
33288 
33284 
33282 
33287 
33287 
33284 
33281 
33285 
33285 
33286 
33282 
33285 
33285 
33287 
33285 
33285 
33284 
33281 
33287 
33286 
33281 
33284 
33288 
44004 
44072 
44107 
44131 
44155 
44168 
44181 
44193 
44207 
44212 
44222 
44229 
44236 
44243 
44249 
44253 
44260 
44267 
44268 
44272 
44279 
44280 
44289 
44289 
44294 
44296 
44301 
44304 
44307 
44308 
44311 
44316 
44319 
44319 
44322 
44328 
44329 
44329 
44332 
44334 
44341 
44339 
44340 
44342 
44349 
44345 
44348 
44350 
44352 
44354 
44355 
44356 
44360 
44363 
44361 
44363 
44366 
44366 
44368 
44370 
44372 
44372 
44377 
44377 
44376 
44379 
44379 
44383 
44382 
44380 
44384 
44389 
44388 
44386 
44388 
44391 
44394 
44391 
44394 
44395 
44399 
44397 
44397 
44401 
44400 
44401 
44402 
44404 
44405 
44407 
44405 
44406 
44411 
44407 
44409 
44411 
44413 
44412 
44416 
44416 
44416 
44415 
44417 
44420 
44420 
44418 
44419 
44424 
44423 
44420 
44423 
44424 
44427 
44424 
44427 
44428 
44432 
44429 
44428 
44431 
44431 
44433 
44430 
44435 
33293 
33286 
33283 
33286 
33284 
33283 
33284 
33284 
33285 
33283 
33289 
33286 
33287 
33283 
33283 
33288 
33285 
33282 
33284 
33289 
33283 
33281 
33285 
33285 
33285 
33283 
33282 
33285 
33290 
33281 
33281 
33285 
33284 
33284 
33284 
33285 
33285 
33288 
33283 
33282 
33285 
33283 
33285 
33284 
33280 
33284 
33289 
33286 
33283 
33284 
33282 
33288 
33284 
33282 
33282 
33288 
33284 
33282 
33285 
33284 
33286 
33282 
33283 
33286 
33288 
33282 
33281 
33287 
33281 
33283 
33283 
33286 
33282 
33290 
33282 
33285 
33286 
33285 
33283 
33285 
33282 
33281 
33290 
33285 
33281 
33283 
33284 
33286 
33283 
33282 
33283 
33289 
33283 
33282 
33285 
33287 
33284 
33282 
33283 
33286 
33287 
33283 
33282 
33285 
33283 
33283 
33284 
33287 
33284 
33287 
33284 
33284 
33284 
33282 
33286 
33285 
33283 
33282 
33288 
33285 
33283 
33287 
33285 
33287 
43895 
44049 
44095 
44128 
44146 
44159 
44178 
44191 
44201 
44208 
44219 
44226 
44235 
44239 
44246 
44253 
44257 
44263 
44267 
44273 
44275 
44283 
44285 
44290 
44291 
44295 
44300 
44301 
44303 
44307 
44314 
44314 
44317 
44319 
44323 
44325 
44326 
44328 
44330 
44338 
44334 
44336 
44342 
44343 
44343 
44345 
44347 
44351 
44354 
44353 
44354 
44357 
44357 
44359 
44361 
44363 
44364 
44369 
44368 
44367 
44370 
44371 
44376 
44374 
44375 
44376 
44382 
44381 
44380 
44383 
44384 
44386 
44385 
44385 
44389 
44392 
44391 
44390 
44394 
44395 
44396 
44394 
44398 
44398 
44401 
44399 
44401 
44403 
44403 
44405 
44406 
44404 
44405 
44413 
44410 
44407 
44411 
44410 
44415 
44412 
44413 
44414 
44422 
44416 
44416 
44417 
44421 
44419 
44419 
44421 
44422 
44426 
44423 
44423 
44427 
44426 
44427 
44427 
44429 
44429 
44432 
44430 
44432 
44432 
44416 
33283 
33284 
33283 
33283 
33287 
33286 
33281 
33285 
33284 
33284 
33282 
33282 
33285 
33289 
33284 
33281 
33286 
33285 
33285 
33282 
33284 
33286 
33287 
33283 
33284 
33286 
33283 
33285 
33284 
33286 
33283 
33289 
33284 
33285 
33283 
33283 
33286 
33284 
33282 
33283 
33289 
33287 
33282 
33283 
33285 
33287 
33282 
33283 
33284 
33292 
33284 
33283 
33287 
33286 
33284 
33283 
33284 
33285 
33286 
33283 
33285 
33285 
33281 
33285 
33283 
33284 
33285 
33288 
33285 
33283 
33283 
33284 
33287 
33284 
33282 
33282 
33290 
33284 
33280 
33285 
33284 
33286 
33281 
33281 
33286 
33289 
33283 
33282 
33286 
33284 
33286 
33282 
33285 
33282 
33289 
33283 
33283 
33283 
33284 
33283 
33283 
33283 
33282 
33290 
33284 
33283 
33283 
33284 
33285 
33282 
33283 
33283 
33288 
33281 
33281 
33284 
33287 
33284 
33282 
33283 
33285 
33287 
33284 
33282 
44020 
44080 
44112 
44135 
44156 
44170 
44187 
44195 
44206 
44215 
44224 
44230 
44236 
44242 
44249 
44258 
44262 
44264 
44270 
44275 
44282 
44280 
44287 
44290 
44297 
44296 
44299 
44303 
44307 
44309 
44310 
44316 
44318 
44322 
44323 
44324 
44330 
44331 
44331 
44334 
44338 
44338 
44343 
44343 
44345 
44345 
44348 
44351 
44352 
44352 
44354 
44361 
44360 
44359 
